62.1173903778 -3.17237863407 -2.28138920571 1
86.2973004173 1.5623623784 -13.359469777 1
87.2524273719 2.70622667072 -13.4768037305 1
86.2463094585 3.12993576029 -14.4778484775 1
58.2844037214 -1.66312290389 0.0240087269598 1
57.3865657046 -7.44028283833 11.8405025761 1
89.6706298916 3.04708366801 -6.07966745038 1
91.3782787333 2.66226793153 -5.08885747074 1
89.7476588268 5.60451579903 -10.6803646639 1
89.5588344477 4.51241482386 -8.86985798058 1
91.590918428 5.38041120264 -6.30037513264 1
91.2650688798 4.11333299394 -7.87040442695 1
86.406178334 3.31019180866 -10.5006858435 1
55.7191175383 -3.01180868981 1.38309297997 1
70.1171760846 -1.47315210614 2.95989575454 1
89.1569992101 6.39378647576 -12.6270815729 1
87.4344712471 0.388499565046 -2.07301104775 1
62.5294697181 -1.20383067084 -2.19670965616 1
50.8506436771 -4.249452469 4.69453666268 1
47.5692708432 -10.27789132 18.1143397185 1
72.0298643022 -2.88507795088 2.45319906338 1
83.9670533263 3.73746745048 -11.5405982853 1
80.8425294207 6.39554641149 -15.205911644 1
58.3879254735 3.8125284382 -10.6957693102 1
67.6780308922 3.30411377536 -14.0518441175 1
55.2905585606 3.86801924468 -10.8056757519 1
72.7745093873 4.31319801216 -12.8814199311 1
53.2240691459 -3.52826620411 -0.601623940934 1
53.682096781 3.77956316441 -11.5238789997 1
55.7682853925 4.65627090571 -13.5519046756 1
53.7504613823 4.23968983609 -12.5833740258 1
53.3589882996 4.24855809839 -12.600185487 1
52.4495292607 5.66035042282 -13.9819547802 1
54.5110360033 3.88260785849 -10.8342208909 1
51.4639328825 4.7660447716 -13.7510438762 1
50.5180659761 -8.89927060782 13.5333234357 1
50.242394008 -13.158020229 20.5850418185 1
48.7189678614 -9.96715331601 12.7021553874 1
45.5646919432 -12.9073823617 22.8367030872 1
39.6840643047 -11.4910876527 19.0088235886 1
49.9233954856 -13.1984729733 25.8271606894 1
51.7641606468 -13.9706032741 27.1388563332 1
50.3709887632 -15.3378529566 29.1267713925 1
51.7188701035 -14.1251509457 25.9611417111 1
56.2145110706 -0.0893841244234 -3.05826348697 1
53.8891910509 -7.5162948927 11.9878945592 1
58.8391929261 -3.00316252148 2.55638678992 1
59.2089957809 1.72156303246 -6.59471196547 1
53.1124745403 -4.96946566564 6.83094224983 1
44.9452763524 -11.6364339417 19.7120513171 1
52.1449620656 -11.3298581811 20.3933165338 1
42.0063247408 -14.8407815857 23.2073479107 1
52.3617262331 -15.0466842245 27.9000096441 1
51.519427987 -15.5591500613 30.067375164 1
55.2477980841 -16.6226439015 32.7041999592 1
56.2345340412 -15.6931618672 36.6086590052 1
59.4601655645 -17.0482099092 38.5574157728 1
47.0499454731 -16.5011212536 32.4031792113 1
53.1324425631 -12.5832265875 23.4215716292 1
47.9882020867 -10.1111226529 17.5345721508 1
51.0691217052 -10.9690060286 22.3466721425 1
44.5417646341 -11.6480250755 19.7432422978 1
55.8435385372 -6.80494494934 6.14339534462 1
61.125784602 -2.47632675109 -2.04760534891 1
61.6057079674 -2.16564770825 -0.750156374508 1
56.2482582974 -7.29204953531 11.349008913 1
57.4984790959 -9.74648243313 21.0531789024 1
56.5506659751 -12.9031073456 23.0340965952 1
55.053923548 -15.2428262003 28.71113261 1
52.927954275 -5.9240349744 7.12691756632 1
50.9892083524 -0.603635622918 -3.91438054525 1
45.5440199229 -10.2716676828 16.4636404456 1
56.0568118775 -6.02976157703 8.7877471894 1
53.9119874316 -7.34286898783 11.444044872 1
51.4946501898 -1.82161002174 -4.94553569083 1
47.6576954576 -14.5050866 22.1791599056 1
53.7013358634 -14.0612326654 27.497784657 1
56.0279195558 -14.0143921573 27.2979590446 1
51.6559867703 -12.3286435588 25.9267382068 1
52.62724142 -13.7374180896 29.9314812647 1
61.0978334623 -13.6248660256 29.190691782 1
66.0001790673 -13.5455386359 28.7836914417 1
64.8428576844 -13.8221741925 29.9020443603 1
62.8518518151 -14.5059956663 30.9730718551 1
55.8915095492 -12.6530385347 27.1525496263 1
52.6400242537 -10.9383853295 22.2249702079 1
60.8712337733 -17.2916638995 33.6069334015 1
59.2788070628 -12.5394800693 21.7759720963 1
60.0840718286 -17.5360929559 34.6849910916 1
61.0344071867 -16.1537897865 30.6552962749 1
60.0469148889 -12.7029663509 23.9470171025 1
59.2823350761 -15.3757120335 31.0452921515 1
62.5491626355 -16.1211288687 30.5240429291 1
59.4682051681 -16.5528871042 32.326634032 1
56.6440850649 -15.05157593 29.7307580085 1
51.204476567 -15.1428509999 30.2149070654 1
54.6688134393 -15.4473853148 31.4559098915 1
57.7519897796 -15.4009118637 31.1807465976 1
52.3500489706 -12.6018406823 23.4839845687 1
58.1323901163 -12.7473203031 24.0926858739 1
54.835323391 -14.2953616505 28.4481264478 1
37.7863725995 -7.74096572989 12.227658671 1
33.4888025382 -9.7905696802 4.74767503126 1
37.062928791 -8.43923223857 3.72047818532 1
48.4433961898 -3.02138187852 -6.02745826755 1
47.4780081586 -10.3547205981 13.874593912 1
53.5161486064 -9.96876125104 17.1794888062 1
51.7151649156 -11.6353417883 21.5057205928 1
54.2672012453 -12.8358791551 24.397423689 1
44.777328743 -10.1959982015 17.7564245515 1
52.0072490741 -9.12194807036 11.5718884227 1
46.8557070219 -11.9359914021 17.6659362914 1
48.5489569149 -11.5332986118 19.441888945 1
50.8867563546 -11.769823532 20.360934551 1
53.1596869489 -14.4626877854 22.2811148243 1
49.0253518747 -18.823016393 32.6832785731 1
51.7641606468 -13.9706032741 27.1388563332 1
48.1384707455 -11.8638610776 22.3277588142 1
41.3346793485 -11.6007218214 21.2390415051 1
46.8115531328 -12.7303078956 23.9426732809 1
49.797781043 -14.0085927684 27.3116506538 1
58.4822786363 -15.8981237265 35.2961387409 1
57.9596359543 -16.8463432996 37.7056070041 1
57.1706719343 -17.0446293338 38.7478941505 1
57.6451958033 -18.6274199656 37.7637616793 1
60.829535711 -17.638770424 35.1197982564 1
63.0817284496 -15.0601907433 28.0295101018 1
54.2483020543 -15.5093876853 29.8235358613 1
57.1731136612 -16.5923237416 32.531785217 1
60.4280670897 -15.1223966662 28.2495030294 1
61.6082418963 -17.6614767615 37.1559852606 1
61.9859732123 -17.6581265145 37.1225028873 1
57.9174222395 -19.346124823 39.0885739441 1
57.5355481787 -19.3479384079 39.119361179 1
59.9808077886 -18.4015052874 38.6563379653 1
64.9929810403 -17.6271248604 36.85423973 1
63.650565117 -16.5530332532 34.0959753743 1
60.6559840501 -16.3622334837 33.3537278116 1
70.3568974443 -16.4438989677 33.5078896299 1
64.4613057114 -16.0576807887 32.0037216346 1
64.0855587662 -16.0645799628 32.0364478177 1
65.5558158406 -16.2833140916 32.9199192598 1
57.0919436274 -17.2701446966 35.5675766676 1
59.8957721066 -16.373256676 33.4216857625 1
61.9635513282 -19.7579420003 34.9524280582 1
61.9802052114 -14.8182603338 27.0858074693 1
55.395460409 -18.4114323255 39.0287385746 1
65.9602078128 -16.0296283674 31.8739805801 1
61.3860689696 -16.5846085239 34.2982220943 1
59.86685049 -13.9334883098 26.9774284529 1
59.5150052186 -16.3786338092 33.4557553704 1
57.5856336229 -13.8490936077 26.6430540969 1
59.5126521734 -16.1857537273 30.7884994295 1
59.8937570888 -16.1778357887 30.7550227114 1
62.7786838863 -16.9134581487 30.2715657131 1
53.921080628 -15.0115019531 27.7634410556 1
58.5180783567 -15.3884548183 31.1128156811 1
65.9155797031 -13.800441091 26.497687561 1
45.9785943267 -13.0147114751 25.0967959403 1
56.6440850649 -15.05157593 29.7307580085 1
60.4371866261 -15.6887575114 36.2403489884 1
58.3710528466 -16.8188696208 39.7342083331 1
63.7546378313 -18.3744017881 38.3280980968 1
61.4953333631 -18.3924088861 38.5261400781 1
63.1434489777 -17.4253481879 36.0268822683 1
60.1453772944 -17.2375841397 35.2966478783 1
58.0272647018 -18.6246452145 37.7314302761 1
59.9310143086 -18.6083389382 37.5676727784 1
51.7327814641 -19.5213479986 40.4649721769 1
56.3650562375 -19.5427750627 40.1671914698 1
59.1973735143 -18.6044081039 39.6914282397 1
58.5710296165 -17.6832963098 37.4217301452 1
56.525320504 -18.6030157218 39.9011166463 1
59.7132240928 -17.6762157715 37.3226664456 1
61.09299668 -18.5994260956 39.5341191963 1
61.3860689696 -16.5846085239 34.2982220943 1
66.1700438279 -17.152381092 34.7583270232 1
63.9231679715 -17.1868855656 34.9586133265 1
64.2708015218 -17.4111580522 35.9259512843 1
65.7682795283 -17.3909758599 35.791959576 1
63.8954255581 -17.4159830665 35.9595613176 1
64.2708015218 -17.4111580522 35.9259512843 1
70.223319436 -17.323334499 35.3963099835 1
70.223319436 -17.323334499 35.3963099835 1
59.2209876192 -18.4050737796 38.72060866 1
56.5478298124 -18.4117174471 38.939186157 1
59.3329299438 -17.6787318195 37.3557883531 1
60.9043301317 -17.2282370156 35.2288014329 1
61.6345277425 -17.4428507856 36.1617709205 1
56.7082350733 -17.2736026769 35.6012437079 1
57.2626808429 -18.6300204712 37.7959194982 1
59.170822601 -18.6153280415 37.6335420109 1
58.4594346673 -18.4079363198 38.784179473 1
50.5041120248 -17.3045058438 36.1188456487 1
57.44962513 -17.4808528248 36.5310258294 1
58.7521353596 -16.3891028682 33.5240503416 1
58.2403345936 -17.2589105084 35.4662118184 1
54.3962019057 -17.2909911424 35.8011247417 1
56.8647189694 -16.1835637349 32.6768581313 1
61.8223005644 -16.1048622515 32.2351149323 1
58.1894179559 -17.685335159 37.4545253976 1
59.8678654215 -16.603844269 34.4341406289 1
58.8404290694 -18.406595901 38.7524891068 1
57.6961275224 -18.4100502275 38.8469247244 1
60.7389161724 -18.3972710354 38.591480914 1
60.7389161724 -18.3972710354 38.591480914 1
57.5302794258 -17.2387385766 39.6853833956 1
54.457288841 -17.2136251096 39.9142833812 1
59.0559820278 -17.2455796946 39.5628508054 1
60.195682627 -17.2485333103 39.4684850879 1
59.0562937248 -19.5880557206 42.4377072678 1
59.9568978667 -18.6029629517 39.6291002667 1
61.09299668 -18.5994260956 39.5341191963 1
61.2300899493 -17.6646982348 37.1894310721 1
53.0781929491 -18.4042626792 39.1971141853 1
62.7401840996 -17.651054882 37.0554612407 1
66.113965913 -17.6137925613 36.7538794441 1
70.2527617833 -17.0832579957 34.3989744556 1
64.8788148031 -18.3636692654 38.2284055559 1
61.872914088 -18.3897535819 38.4933175669 1
62.2500795583 -18.3869545213 38.4604081525 1
63.0031745695 -18.3809415803 38.3943689165 1
57.6731310447 -18.604912328 39.8130960953 1
61.1173348954 -18.3949161683 38.558864956 1
66.6189446193 -19.1798528115 39.9126955471 1
60.6167477506 -19.215068779 40.4254225532 1
62.12696337 -19.2100142103 40.3005776043 1
61.872914088 -18.3897535819 38.4933175669 1
58.8404290694 -18.406595901 38.7524891068 1
58.8404290694 -18.406595901 38.7524891068 1
66.4835709847 -17.4275837917 34.1142205192 1
59.7966246458 -19.5352313304 39.9002363987 1
58.4594346673 -18.4079363198 38.784179473 1
60.5250698434 -17.2329651406 35.2627187208 1
65.3945091467 -17.3961481912 35.825381407 1
58.8404290694 -18.406595901 38.7524891068 1
61.2300899493 -17.6646982348 37.1894310721 1
52.4102511636 -17.6924268789 37.920846061 1
64.2227231951 -15.1598121017 30.1058006672 1
62.5784091117 -16.0916612577 32.1684663075 1
57.8322774841 -17.4781073676 36.4977692731 1
60.1188464051 -17.4585342449 36.2966405099 1
62.3898230707 -17.434312796 36.0943014544 1
56.6329327982 -17.6919269747 35.4925399283 1
59.5764759428 -18.3981772484 36.6114188273 1
57.1532317417 -19.3495521967 39.1498774146 1
56.6829597347 -17.4858576706 36.597205376 1
58.2144801257 -17.475206531 36.4644183651 1
59.6011129798 -18.4033752091 38.6885534324 1
64.1297635287 -18.3709437433 38.2948974974 1
69.7231591885 -16.021573335 35.2936328645 1
58.9140173024 -20.1691958 38.7854680692 1
58.152333862 -20.1764792749 38.848499272 1
61.4462604069 -18.5926603175 37.4348955144 1
64.831260408 -18.5502715515 37.1338379582 1
59.0257139056 -19.635469526 40.4413785067 1
59.0370914204 -19.5383509398 39.9616553582 1
62.1643704117 -21.0493859505 38.77554694 1
61.7124135458 -19.3182227613 38.7695691978 1
68.5546413223 -18.4940640306 36.8005899076 1
67.0267989929 -20.9630232634 38.3450474564 1
66.3095233151 -20.7523778497 37.4279358645 1
67.0976769431 -18.2874401918 35.9403197933 1
61.0939662503 -18.3793092226 36.4770875001 1
62.417102033 -17.208302313 35.0933780921 1
65.7965649269 -17.1583107514 34.7915253901 1
60.7389161724 -18.3972710354 38.591480914 1
59.3846845227 -17.2464800631 35.3645133696 1
60.4984096275 -17.4547967259 36.2629506845 1
63.5196421934 -17.4207141205 35.9932067178 1
58.8151343008 -18.406836425 36.6782703311 1
51.6130131254 -17.629314203 35.4229221104 1
59.3506556981 -17.3176409576 33.7430758299 1
54.958065105 -18.6416433234 37.9842658134 1
58.5877177715 -17.3300934987 33.8114224909 1
51.4913660331 -18.4549734151 37.2807973149 1
60.3360794964 -18.3889904434 36.5443325039 1
60.3360794964 -18.3889904434 36.5443325039 1
54.1861612032 -18.643852365 38.0448277035 1
52.8409826448 -16.9045598713 30.1162660903 1
61.2562476552 -17.4469511991 36.195508021 1
58.2144801257 -17.475206531 36.4644183651 1
57.2871494541 -18.4224281267 36.8109203463 1
63.0964492573 -17.6042962503 34.9168162842 1
60.0840718286 -17.5360929559 34.6849910916 1
59.0604170295 -19.3395438088 38.9947727013 1
63.3791089689 -18.3777356292 38.3612580146 1
56.8115482913 -19.2137765015 40.7187294687 1
62.0123853559 -17.4386368119 36.1280331097 1
58.2144801257 -17.475206531 36.4644183651 1
59.9801719562 -16.1070814302 36.1622674599 1
55.234917614 -19.3544028844 39.2976515687 1
63.7065923175 -18.5653850416 37.2343043877 1
58.7900753702 -18.6185941589 37.6663064511 1
61.0680845624 -18.5967816917 37.4681930491 1
59.8202504846 -19.3342617239 38.9312096429 1
65.542574682 -16.182867717 30.7779114812 1
65.5759366165 -10.9996487589 19.51185256 1
68.1223523861 -16.3816241171 31.5724975907 1
63.4627037228 -12.4288025523 21.489694543 1
62.7786838863 -16.9134581487 30.2715657131 1
52.0888849948 -9.1239090308 15.7608249011 1
55.1937297171 -14.3098523834 26.7227304112 1
58.6453824977 -19.6361662528 40.4710231441 1
64.6457725103 -17.4062420148 35.8923815525 1
51.6970029438 -11.7805392587 22.0466525572 1
66.4558279851 -15.2440861963 30.4276259291 1
55.7096861041 -16.1995329331 32.7802668885 1
59.1061366758 -16.6128406091 34.5023001037 1
60.6559840501 -16.3622334837 33.3537278116 1
58.2316751736 -15.0368204883 33.4204137371 1
64.1356216206 -16.0790468542 35.7909095462 1
59.8162129219 -17.2477450254 39.5001412645 1
58.779519942 -13.9074224136 30.4225558983 1
56.0905394646 -13.9392482961 30.6601625244 1
60.1394044172 -15.0197490607 33.2496664527 1
61.6615646517 -17.2184674119 35.1610285941 1
61.524303072 -15.8762222596 35.0243510112 1
64.1778164642 -15.7352498729 34.2849116766 1
58.4956226179 -15.788241492 34.7929474405 1
55.9144605401 -17.4901795897 36.6628488332 1
55.6614401025 -19.2088377646 40.799148386 1
58.8404290694 -18.406595901 38.7524891068 1
58.6222297509 -17.2548942043 35.4323368575 1
60.95680779 -19.3251001138 38.8346266618 1
58.6798540039 -19.3419218491 39.0262619869 1
53.6634563311 -21.9235541529 41.213672064 1
53.4110672864 -20.9512976265 38.5205766278 1
57.7945708245 -19.97560429 37.9056174008 1
61.6175486571 -19.7039621031 36.588120503 1
50.2978051169 -18.6397984529 38.3218883305 1
60.9737730146 -18.971918426 35.2651730449 1
59.7388501442 -17.4621430071 36.3302981045 1
57.7837340693 -12.4714891337 23.0630360184 1
46.4185445223 -10.3534374903 21.7563970901 1
35.9395668826 -6.10026638864 8.38198650341 1
19.4021882946 -0.000749225624541 0.00142018355095 1
13.7137837984 -0.000628840455791 0.00119198922495 1
11.2636105174 -0.000576986807888 0.00109369880963 1
11.2636105174 -0.000576986807888 0.00109369880963 1
8.04663013822 1.84138412112 -3.33334283455 1
12.5844387648 2.02520378367 -3.86478720013 1
8.29983435579 0.627510771474 -2.96566049461 1
9.35578088721 0.906202143201 -3.62280003723 1
12.7102256382 0.0508271556769 -1.50764104976 1
10.238165513 0.0547186337582 -1.54137259645 1
34.186886745 -1.66938653191 3.38920862133 1
11.1934527486 2.6248520671 -5.25709964307 1
33.83711068 -6.75281972278 15.3562809065 1
61.6923816186 -14.9376303361 34.7462069966 1
62.0655494517 -14.761441623 32.0618855556 1
59.7875522527 -14.7890379308 32.2635071767 1
57.1596880264 -14.6258428249 33.6371815823 1
51.0457251073 -16.2518396349 33.1933958628 1
53.2710286592 -14.6218529411 31.8214952209 1
55.1826299602 -14.8339365718 32.6751538958 1
56.3813303867 -17.2312230068 39.7741500949 1
55.3179711134 -13.9475231552 30.7289635773 1
56.7485572027 -14.8476652832 34.6849248567 1
44.5933388659 -14.7694513118 35.6492938238 1
61.4708563605 -18.597902216 39.5021210821 1
54.6249137623 -18.4100688447 39.0866310422 1
60.1453772944 -17.2375841397 35.2966478783 1
64.8531719419 -18.5773097253 39.2089516351 1
64.8531719419 -18.5773097253 39.2089516351 1
67.4695326287 -18.2810089351 35.9071347398 1
62.2013559985 -18.5840385885 37.3681515897 1
63.8487479797 -17.5921166261 34.849523172 1
59.6903157165 -17.6546895593 35.2216375066 1
62.0395441778 -17.2134326775 35.1271852166 1
55.2282919127 -17.2214677863 39.8595584232 1
63.9243005544 -12.3838660958 25.9810715297 1
58.1888395637 -10.1351337883 20.8793286051 1
26.8139310873 -1.51472308224 1.54213545166 1
33.8854159738 1.73200099628 -3.37293738367 1
27.065203218 -0.441691427389 2.59705319844 1
27.9748557402 -0.000930651192527 0.001764082103 1
11.2636105174 -0.000576986807888 0.00109369880963 1
6.77381565239 -0.000430065901752 0.000815190094239 1
13.2279109843 -0.000618557804338 0.00117249809709 1
8.75701082498 -0.00052393899333 0.000993144809347 1
9.26323428579 -0.000534652330741 0.00101345231763 1
6.55138932981 -1.08142114908 0.329112399996 1
2.05698363801 -0.662181696992 0.194410466543 1
48.3003319524 1.37125871981 -1.38118696385 1
32.1684172002 1.47515656329 -1.48403381694 1
32.5976135684 1.47185025219 -1.48077688893 1
18.9373219662 -0.000739387538751 0.00140153511295 1
5.35561584153 4.32075244918 -8.97486877619 1
7.43192286353 4.0764297904 -7.31401125284 1
54.6033684004 -13.4686660896 28.7125333848 1
57.7305371329 -15.7933349145 34.8611280321 1
59.7652497688 -17.2420903677 35.3305818985 1
50.3341753788 -20.8858368119 40.6727663612 1
51.8811135688 -18.4543455624 37.2516559721 1
45.0657373879 -19.0399628296 36.0476001091 1
42.600603099 -14.1251961106 27.9537646406 1
41.3023055629 -17.4258468294 35.1410376731 1
52.4563540248 -17.3004626167 35.9632671226 1
49.3266386201 -17.3039308051 36.2077519431 1
60.4253382018 -15.3561098701 30.9448232691 1
60.4253382018 -15.3561098701 30.9448232691 1
58.8378479367 -16.1119973791 36.2634000797 1
64.8857555087 -16.0725049131 35.7237506248 1
66.171535169 -14.9501052468 32.7167500674 1
61.5381535595 -15.7629004618 34.5207100771 1
62.6579307264 -15.8660963751 34.9228333909 1
61.524303072 -15.8762222596 35.0243510112 1
57.3341728985 -15.9041314225 35.3979157466 1
59.4847816396 -16.843714277 37.5744616679 1
60.198023001 -14.5436892863 31.2045237563 1
12.4337814786 -1.67437285402 1.71120408847 1
5.46386247888 -0.0003468976814 0.00065754469824 1
25.1334736135 1.58555108385 -2.92409421045 1
27.9748557402 -0.000930651192527 0.001764082103 1
24.4213199059 -0.00085544679887 0.00162152952693 1
27.0934137394 -0.000911997008579 0.00172872244047 1
18.9373219662 -0.000739387538751 0.00140153511295 1
18.9373219662 -0.000739387538751 0.00140153511295 1
14.1976783565 -0.000639081240872 0.00121140099368 1
8.75701082498 -0.00052393899333 0.000993144809347 1
8.24818603617 -0.000513170603331 0.000972732946963 1
11.2636105174 -0.000576986807888 0.00109369880963 1
3.02289898324 -0.000191922225792 0.000363788658192 1
42.5303936855 2.78325294971 -1.55334036243 1
19.4021882946 -0.000749225624541 0.00142018355095 1
36.2074459065 0.430398952227 -1.15952997077 1
35.7858777598 0.431327449023 -1.16189314435 1
62.0554394703 -0.397005144785 2.23690872901 1
2.42693608061 -0.433876452051 1.98455320897 1
61.8223005644 -16.1048622515 32.2351149323 1
58.0155453013 -16.1666704159 32.5738418693 1
57.308505106 -16.1163874764 36.3974267654 1
57.4654061415 -15.042855197 33.4890416599 1
61.6345277425 -17.4428507856 36.1617709205 1
58.9775476447 -17.4689577324 36.3974800734 1
54.1861612032 -18.643852365 38.0448277035 1
57.0919436274 -17.2701446966 35.5675766676 1
56.4259050407 -16.6405544377 34.7409622435 1
60.4984096275 -17.4547967259 36.2629506845 1
60.5250698434 -17.2329651406 35.2627187208 1
59.3329299438 -17.6787318195 37.3557883531 1
63.0073547925 -16.0880913468 35.8919671719 1
67.1265589051 -16.0506694614 35.5236688438 1
63.7599439521 -16.0821671607 35.8245576573 1
66.0079390974 -16.0619814419 35.6234198537 1
67.6631611665 -14.9299707237 32.5876678041 1
52.8280031013 -15.0673447693 33.9008397906 1
54.8179254887 -19.6304032751 40.7458583929 1
49.7073714302 -16.9737889078 30.3975596717 1
6.90471437708 -4.86258066336 7.78860781445 1
4.56212916326 1.73643837396 -4.72614056027 1
7.7395193258 -0.000491377907058 0.000931407025573 1
20.3273870102 -0.000768805843099 0.00145729854469 1
5.88231951622 -0.000373465292969 0.000707903616937 1
12.2500301015 -0.00059786265949 0.00113326972135 1
15.6379560872 -0.000669562209288 0.00126917874248 1
15.6379560872 -0.000669562209288 0.00126917874248 1
4.31498386348 -0.000273955997845 0.000519283706968 1
9.76693423152 -0.000545312262359 0.00103365859334 1
11.2636105174 -0.000576986807888 0.00109369880963 1
21.7042759325 -0.000797945297837 0.00151253340709 1
18.9373219662 -0.000739387538751 0.00140153511295 1
4.31498386348 -0.000273955997845 0.000519283706968 1
16.1143915114 -0.00067964513481 0.00128829128283 1
12.2500301015 -0.00059786265949 0.00113326972135 1
24.0378842169 0.462070320983 -1.23926275432 1
19.0059705838 0.479194697014 -1.28153377873 1
11.3013522222 -0.00711451491944 1.54033318095 1
25.076821545 -1.713591276 4.95684758456 1
59.7388501442 -17.4621430071 36.3302981045 1
59.3584181361 -17.4656189124 36.3639144614 1
60.7395334838 -16.1030967356 36.0946977945 1
62.671956037 -15.7516064732 34.4192704442 1
58.4561869636 -16.1133359689 36.2970150378 1
58.0740780993 -16.114517017 36.3305652071 1
56.978067068 -15.8975300829 37.532347314 1
57.886075947 -14.9533385466 35.0867202396 1
56.2989408438 -17.4881066924 36.6301013434 1
55.395460409 -18.4114323255 39.0287385746 1
56.2989408438 -17.4881066924 36.6301013434 1
45.3222062865 -17.4490329163 34.9151377776 1
56.5478298124 -18.4117174471 38.939186157 1
53.0781929491 -18.4042626792 39.1971141853 1
51.334111972 -19.6011159193 40.9423037853 1
60.5551115796 -14.9436979269 34.8481447895 1
47.124925412 -13.8772416229 33.111518719 1
57.5223476514 -14.577845222 31.4413760603 1
60.0704897163 -17.6494899237 35.1876821489 1
65.7406990402 -17.6183299358 36.7872999779 1
4.36493089692 -1.48224424698 0.0480941638978 1
9.32510671906 -2.15280513951 0.0547441708574 1
3.68232165188 -1.3366369616 0.0460142885622 1
3.36440948038 -1.2736868163 0.0420747329731 1
2.88450347136 -0.672446901328 0.201809624817 1
1.66619263884 -1.18516291022 0.0101004298733 1
2.33115713403 -0.662199104119 0.19444346176 1
2.76788596821 -1.19544552168 0.0175325833644 1
3.48251366589 -0.74402081923 0.228701005203 1
7.49861817573 -1.17118382464 0.35579487771 1
12.7400103733 -0.000608232238117 0.00115292562275 1
17.0620188637 -0.000699700016427 0.00132630601704 1
8.75701082498 -0.00052393899333 0.000993144809347 1
6.31889805888 -0.000401183429144 0.00076044335548 1
16.8309494284 -1.14021780705 0.342201831697 1
33.39234609 -1.03091280434 0.307633426016 1
21.7042759325 -0.000797945297837 0.00151253340709 1
21.7042759325 -0.000797945297837 0.00151253340709 1
21.7042759325 -0.000797945297837 0.00151253340709 1
5.65508142515 -1.37094251765 2.50400934919 1
64.0907716525 -11.2887231394 23.4964447195 1
63.4257170771 -15.7436040436 34.3519499887 1
62.417102033 -17.208302313 35.0933780921 1
66.1700438279 -17.152381092 34.7583270232 1
60.4984096275 -17.4547967259 36.2629506845 1
63.5196421934 -17.4207141205 35.9932067178 1
52.9306310549 -17.0168739696 39.0699444219 1
56.403929299 -17.0417764293 38.8095664973 1
56.57065464 -16.0924380432 38.5441081788 1
56.9542092712 -16.0949464238 38.512855535 1
53.2959458625 -14.6382655631 33.9804921964 1
57.1194290878 -14.9547872808 35.1548053728 1
53.8953121549 -15.8804032257 37.7846128533 1
57.3861324086 -15.6939996652 36.5092075138 1
55.5805584011 -14.9557085361 35.2903902624 1
44.8915871297 -17.7207704216 36.3819311792 1
51.7516998517 -16.6696901959 33.0147594121 1
57.3645049963 -20.183508564 36.8511689464 1
57.6451958033 -18.6274199656 37.7637616793 1
66.5357861765 -12.4732155357 26.2978501501 1
3.68232165188 -1.3366369616 0.0460142885622 1
4.36493089692 -1.48224424698 0.0480941638978 1
1.94036613486 -1.18518031735 0.0101334250904 1
1.39201914282 -1.18514550309 0.0100674346562 1
1.66619263884 -1.18516291022 0.0101004298733 1
1.66619263884 -1.18516291022 0.0101004298733 1
1.66619263884 -1.18516291022 0.0101004298733 1
1.66619263884 -1.18516291022 0.0101004298733 1
3.17626461843 -0.703817703256 0.21713931563 1
3.17626461843 -0.703817703256 0.21713931563 1
3.17626461843 -0.703817703256 0.21713931563 1
13.7137837984 -0.000628840455791 0.00119198922495 1
13.7137837984 -0.000628840455791 0.00119198922495 1
7.24728603815 -0.000460126281146 0.000872169555771 1
2.60533063006 -0.662216511246 0.194476456977 1
19.1747268608 -1.12101264277 0.33598795681 1
16.5890663267 -0.000689690800137 0.00130733319513 1
9.76693423152 -0.000545312262359 0.00103365859334 1
8.24818603617 -0.000513170603331 0.000972732946963 1
9.96480447893 -1.91800603458 3.99314486965 1
57.2657273053 -11.1333582552 22.9428573906 1
58.6752155305 -17.2441917902 39.5938715168 1
58.9521993608 -17.6810935734 37.3888135838 1
63.4927426591 -17.6435126027 36.9883675708 1
58.2144801257 -17.475206531 36.4644183651 1
57.8322774841 -17.4781073676 36.4977692731 1
53.3184486071 -17.0207120755 39.0427422427 1
57.1706719343 -17.0446293338 38.7478941505 1
58.4594346673 -18.4079363198 38.784179473 1
58.6987676521 -17.0478003797 38.6216815778 1
60.4004941863 -15.7732686976 34.6225887078 1
58.8774873746 -15.7854948867 34.7588500399 1
60.7395987069 -13.8877603243 34.0663779411 1
58.4533284506 -13.8926004877 34.2715333036 1
57.3595873431 -13.4449856614 32.3353091883 1
57.5816882378 -14.5319890758 35.2347776082 1
61.6082418963 -17.6614767615 37.1559852606 1
63.8954255581 -17.4159830665 35.9595613176 1
64.9717929039 -20.2975094198 43.2896659638 1
4.01506351216 -1.40923017066 0.0469403131646 1
3.87202978011 -4.48448511918 5.71698875595 1
2.21453963089 -1.18519772448 0.0101664203075 1
1.94036613486 -1.18518031735 0.0101334250904 1
1.94036613486 -1.18518031735 0.0101334250904 1
1.94036613486 -1.18518031735 0.0101334250904 1
1.94036613486 -1.18518031735 0.0101334250904 1
1.94036613486 -1.18518031735 0.0101334250904 1
1.94036613486 -1.18518031735 0.0101334250904 1
1.94036613486 -1.18518031735 0.0101334250904 1
7.80298619442 -2.10229614285 0.0573651613264 1
18.0029029946 -0.000719612189504 0.00136405024219 1
16.5890663267 -0.000689690800137 0.00130733319513 1
16.5890663267 -0.000689690800137 0.00130733319513 1
16.1143915114 -0.00067964513481 0.00128829128283 1
1.94036613486 -1.18518031735 0.0101334250904 1
1.66619263884 -1.18516291022 0.0101004298733 1
2.21453963089 -1.18519772448 0.0101664203075 1
17.7733175059 -1.13229870727 0.339631656225 1
14.1252555825 2.54270425638 -5.13081222084 1
14.1630629452 -9.79170089874 20.5607075953 1
59.7098590193 -14.9932341091 29.4637068301 1
57.2715771284 -20.988457435 40.7225927852 1
55.234917614 -19.3544028844 39.2976515687 1
56.3872608124 -19.3521556861 39.2100153833 1
50.7436739196 -18.386868363 39.3456793066 1
56.4286270956 -19.2123884604 40.7460168257 1
52.1863536835 -19.1784986961 41.007839968 1
50.2042918964 -19.4538725412 42.8500583 1
51.661149165 -20.147491185 44.0082596413 1
51.0194747346 -19.1624117475 41.062958539 1
58.8378479367 -16.1119973791 36.2634000797 1
58.8378479367 -16.1119973791 36.2634000797 1
57.9596359543 -16.8463432996 37.7056070041 1
54.5015891522 -16.8409073852 37.9900620397 1
61.1455754545 -15.8793820985 35.058267611 1
67.8993356772 -15.8081104733 34.4567633005 1
56.0411745648 -16.6439786577 34.7749569408 1
58.0548474961 -18.6050989264 39.7830990464 1
57.5338399929 -19.5769122558 42.5394219697 1
3.36440948038 -1.2736868163 0.0420747329731 1
3.36440948038 -1.2736868163 0.0420747329731 1
2.76788596821 -1.19544552168 0.0175325833644 1
24.9154044497 -1.92236429456 0.0351488028914 1
1.39201914282 -1.18514550309 0.0100674346562 1
1.66619263884 -1.18516291022 0.0101004298733 1
1.66619263884 -1.18516291022 0.0101004298733 1
1.66619263884 -1.18516291022 0.0101004298733 1
1.66619263884 -1.18516291022 0.0101004298733 1
2.76788596821 -1.19544552168 0.0175325833644 1
3.68232165188 -1.3366369616 0.0460142885622 1
11.7579158199 -0.000587447918254 0.00111352821266 1
8.75701082498 -0.00052393899333 0.000993144809347 1
10.2681843112 -0.000555920346826 0.00105376659096 1
17.0620188637 -0.000699700016427 0.00132630601704 1
22.6152381453 -0.000817224225652 0.00154907729357 1
22.6152381453 -0.000817224225652 0.00154907729357 1
2.60533063006 -0.662216511246 0.194476456977 1
7.49861817573 -1.17118382464 0.35579487771 1
8.83267814742 0.526983020076 -1.39575178954 1
50.7202956928 -13.557060636 31.2632798968 1
48.2044870398 -19.5501608267 41.0496802607 1
46.3513654585 -21.1150286996 39.8065300438 1
48.9898901687 -19.5654390234 41.0305510768 1
50.0634618646 -20.2531432065 42.2159047412 1
57.5545672106 -19.3994660504 41.6072771778 1
61.7268269067 -19.407738724 41.2920972197 1
57.9576553567 -19.2164767977 40.6343103283 1
56.666397242 -20.2467644302 43.8491794962 1
57.8107870489 -20.2611507959 43.788567037 1
52.1863536835 -19.1784986961 41.007839968 1
60.7652053084 -16.1087534354 38.1898888832 1
58.1021553036 -16.1011630472 38.4177347079 1
59.8813245041 -16.9239683434 40.0937676996 1
57.1921154755 -17.0847886804 41.2544116617 1
51.7438387641 -17.176734323 40.0878715284 1
55.8989634987 -17.8386534746 40.6462997164 1
60.0204046062 -15.7765036148 34.6566210008 1
34.8863327664 -13.7155166567 31.3239787571 1
60.1065501002 -17.9927775038 43.2758650481 1
62.9042354314 -16.9349858229 39.8397154159 1
1.94036613486 -1.18518031735 0.0101334250904 1
1.66619263884 -1.18516291022 0.0101004298733 1
20.3763053988 -1.97723645565 0.0387819141785 1
1.11784564679 -1.18512809597 0.0100344394391 1
1.39201914282 -1.18514550309 0.0100674346562 1
1.39201914282 -1.18514550309 0.0100674346562 1
1.39201914282 -1.18514550309 0.0100674346562 1
1.11784564679 -1.18512809597 0.0100344394391 1
1.11784564679 -1.18512809597 0.0100344394391 1
1.94036613486 -1.18518031735 0.0101334250904 1
1.66619263884 -1.18516291022 0.0101004298733 1
4.36493089692 -1.48224424698 0.0480941638978 1
6.55138932981 -1.08142114908 0.329112399996 1
25.0973661445 -1.07879978047 0.322548578266 1
2.48871312691 -1.1852151316 0.0101994155246 1
1.66619263884 -1.18516291022 0.0101004298733 1
1.66619263884 -1.18516291022 0.0101004298733 1
1.39201914282 -1.18514550309 0.0100674346562 1
10.4949532217 -1.68695643216 3.28927627742 1
56.3874468118 -19.5656652286 42.6096980033 1
8.737165185 -6.47990217336 10.0858794888 1
57.3889614458 -18.2087661175 42.4172152768 1
56.4286270956 -19.2123884604 40.7460168257 1
63.0031745695 -18.3809415803 38.3943689165 1
64.9449229324 -20.3156191732 41.2814484105 1
62.8058741208 -19.6180937955 40.1313430324 1
61.3561053095 -17.0461368952 38.3943023197 1
55.6353594874 -17.0380129727 38.8700748539 1
56.407648096 -19.392197678 41.6844803611 1
61.2562476552 -17.4469511991 36.195508021 1
60.3334623923 -14.3204024259 38.2158412002 1
58.0482612003 -14.2968554038 38.4120969405 1
58.0482612003 -14.2968554038 38.4120969405 1
53.872784117 -16.0681171489 38.7544422926 1
55.2732864694 -16.8436235724 37.9285612681 1
58.3415867123 -16.8459496242 37.6730158744 1
60.2198259836 -17.0478920206 38.4925378253 1
23.6457894281 -4.71646908608 8.15730752406 1
40.5534970654 -9.16063741667 20.8400700625 1
3.34290778688 -3.4252457273 4.12272306361 1
2.76788596821 -1.19544552168 0.0175325833644 1
3.05964711528 -1.22681632361 0.0328622741776 1
7.80298619442 -2.10229614285 0.0573651613264 1
3.05964711528 -1.22681632361 0.0328622741776 1
2.76788596821 -1.19544552168 0.0175325833644 1
2.76788596821 -1.19544552168 0.0175325833644 1
1.66619263884 -1.18516291022 0.0101004298733 1
1.66619263884 -1.18516291022 0.0101004298733 1
1.66619263884 -1.18516291022 0.0101004298733 1
1.66619263884 -1.18516291022 0.0101004298733 1
1.66619263884 -1.18516291022 0.0101004298733 1
1.94036613486 -1.18518031735 0.0101334250904 1
2.05698363801 -0.662181696992 0.194410466543 1
2.33115713403 -0.662199104119 0.19444346176 1
2.33115713403 -0.662199104119 0.19444346176 1
2.33115713403 -0.662199104119 0.19444346176 1
1.66619263884 -1.18516291022 0.0101004298733 1
1.94036613486 -1.18518031735 0.0101334250904 1
3.68453273959 0.34436401988 -0.937416469242 1
55.5180864979 -20.2294647729 43.9023292178 1
4.20804251977 -1.97505171725 -1.9165578349 1
56.3542506558 -19.6356770462 40.641353212 1
58.8404290694 -18.406595901 38.7524891068 1
59.4796988571 -19.2169083553 40.5166906982 1
59.4405483236 -19.3369886814 38.9630833841 1
55.5869930194 -19.6335738485 40.6946624805 1
59.2987946949 -20.3369199708 41.7331237989 1
53.3051239952 -19.3532526739 39.4351398709 1
56.6829597347 -17.4858576706 36.597205376 1
54.734558096 -17.6954269339 37.7417685116 1
51.1548114289 -13.895186358 40.0010494319 1
54.2823102592 -15.8833609184 37.7540078861 1
55.8497407985 -15.692501885 36.6415432752 1
58.4594346673 -18.4079363198 38.784179473 1
52.5552507712 -19.3486200963 41.8988869088 1
53.3489205082 -19.1914277131 40.9446974425 1
45.2254049684 -18.2943497952 39.5597677131 1
58.0548474961 -18.6050989264 39.7830990464 1
19.6927566477 1.99846359597 -5.07976550742 1
1.62630587864 0.0164838862909 -0.848787641941 1
3.36440948038 -1.2736868163 0.0420747329731 1
2.48871312691 -1.1852151316 0.0101994155246 1
4.01506351216 -1.40923017066 0.0469403131646 1
1.66619263884 -1.18516291022 0.0101004298733 1
1.11784564679 -1.18512809597 0.0100344394391 1
1.94036613486 -1.18518031735 0.0101334250904 1
1.54852340616 -1.86379367925 1.05323254792 1
1.54852340616 -1.86379367925 1.05323254792 1
1.50894975209 -2.14188131848 1.81007964044 1
1.39201914282 -1.18514550309 0.0100674346562 1
1.43159279689 -0.90705786386 -0.746779657861 1
1.39201914282 -1.18514550309 0.0100674346562 1
1.94055752807 0.29809928081 -1.61525030137 1
2.72522827557 0.0320735159349 -0.891274110555 1
2.85629440055 -0.574191487501 -1.67328082633 1
3.68232165188 -1.3366369616 0.0460142885622 1
2.76788596821 -1.19544552168 0.0175325833644 1
2.21453963089 -1.18519772448 0.0101664203075 1
5.3316147725 1.88511263545 -5.12422930502 1
49.0657370649 -15.9572638353 27.9558805188 1
5.51879304969 -1.70747157512 0.0515589439428 1
63.4927426591 -17.6435126027 36.9883675708 1
57.6698153009 -18.4187578998 36.7779193416 1
56.7480984817 -19.5428113292 40.1388988442 1
59.532653352 -21.1689085955 41.4994515653 1
49.0870362752 -23.8328429328 42.306786437 1
54.0784421298 -19.3544925001 39.3816014227 1
51.60361157 -20.4350544796 43.0501361997 1
57.1727011848 -19.3973088619 41.6335325282 1
54.2174729179 -18.5925954723 40.0660810897 1
56.9040324758 -18.4259381922 36.8437918263 1
55.1946606035 -14.9554977777 35.3240992011 1
48.7845653154 -18.3631163853 39.4481314412 1
53.8169331322 -20.9904456609 40.9522055544 1
55.5180864979 -20.2294647729 43.9023292178 1
56.0244556791 -19.3892287008 41.7091107593 1
56.4286270956 -19.2123884604 40.7460168257 1
57.9359964181 -19.4013672659 41.5805397974 1
73.9667680454 -14.5807442752 31.0578040536 1
2.36894043517 -2.17511019797 3.50814985258 1
1.39201914282 -1.18514550309 0.0100674346562 1
2.21453963089 -1.18519772448 0.0101664203075 1
2.48871312691 -1.1852151316 0.0101994155246 1
1.66619263884 -1.18516291022 0.0101004298733 1
3.36440948038 -1.2736868163 0.0420747329731 1
3.36440948038 -1.2736868163 0.0420747329731 1
2.96610786698 0.0492361030209 -2.56617122467 1
58.4243813837 -21.3281507456 47.1813081256 1
54.6249137623 -18.4100688447 39.0866310422 1
40.7467857464 -12.8581171312 24.4739334647 1
4.32331692851 -4.09706977915 5.16818702367 1
3.26083011453 -5.51958425915 4.78253178886 1
60.077935576 -19.9464567746 37.7100312162 1
63.2525222052 -18.8100585024 34.5602874794 1
63.2525222052 -18.8100585024 34.5602874794 1
4.01506351216 -1.40923017066 0.0469403131646 1
4.52521357861 -2.83948078677 2.6193882249 1
3.18515135377 -2.38510830233 2.26309593928 1
7.01567495394 -1.12604648509 0.342378729149 1
27.6582753035 -16.0840465916 28.9257711022 1
8.62053043886 -3.42649805723 1.98978015375 1
9.62977583908 -3.39925821193 1.98818255467 1
50.8432660111 -20.2678676543 42.1968483402 1
52.5095188603 -19.5279159517 40.4219696227 1
51.3221750091 -22.0772668319 42.2170184442 1
53.7158062722 -19.365119122 41.8428667451 1
54.3098866915 -20.4799473365 42.957353943 1
57.512849322 -19.5421895643 40.0811516375 1
54.1017254873 -19.3699296648 41.8224380885 1
58.4361249442 -18.6050731357 39.7528090564 1
57.9356105044 -17.0466216338 38.6852177577 1
55.6353594874 -17.0380129727 38.8700748539 1
53.8524993116 -18.4076995279 39.1428340159 1
60.2381534004 -19.2158765876 40.4560981682 1
52.8230483331 -20.1763713924 43.990028419 1
55.9012967024 -20.2355695222 43.8855144069 1
63.9815179116 -19.4020953825 41.1060951882 1
62.3898230707 -17.434312796 36.0943014544 1
62.2500795583 -18.3869545213 38.4604081525 1
3.46252056067 -0.584251399162 -1.83430205378 1
1.66619263884 -1.18516291022 0.0101004298733 1
1.66619263884 -1.18516291022 0.0101004298733 1
1.94036613486 -1.18518031735 0.0101334250904 1
0.392155834833 -0.801121073844 0.572636041499 1
55.0104190732 -18.4108726072 39.0578823454 1
2.40083046887 -0.0243567408812 -2.34535556118 1
2.31168341313 -2.28097735948 2.18860217235 1
64.1923665378 -20.5729813568 44.7487270578 1
56.7372076653 -19.6363473099 40.6139816555 1
60.2992471285 -21.2965449328 44.3377120997 1
62.3213805511 -20.3306726405 41.4990715321 1
57.5017916453 -19.6369610736 40.5579431638 1
73.1822610607 -19.4984133959 39.2144133519 1
59.7850938491 -19.633464668 40.3812072395 1
66.8211268259 -20.3913152159 43.6112836555 1
67.683314716 -19.5859327136 41.7486928672 1
67.683314716 -19.5859327136 41.7486928672 1
13.1981758577 0.0501460948691 -1.5013992728 1
16.8993117447 1.62467028124 -1.6300281328 1
1.0966939841 -6.96285094581e-05 0.000131980868412 1
2.21453963089 -1.18519772448 0.0101664203075 1
58.2959255038 -19.5830099592 42.4896060232 1
51.2388368938 -17.9320429408 41.8272645119 1
55.8989634987 -17.8386534746 40.6462997164 1
46.2180329291 -22.1135898916 43.0248962005 1
60.8133893041 -20.3354099844 41.6185554789 1
64.7298932511 -19.3988779914 41.0427049742 1
55.256725525 -19.3824248329 41.7565173849 1
59.8366808532 -19.4072705929 41.4405391067 1
55.5090185753 -20.3081668697 44.3451898911 1
61.3561053095 -17.0461368952 38.3943023197 1
57.1706719343 -17.0446293338 38.7478941505 1
56.9310443502 -18.4113701616 38.9087052335 1
53.7354986291 -19.1950816215 40.9220876008 1
57.5760597306 -19.2158138152 40.6628504539 1
59.4573969979 -19.4065486981 41.4692999309 1
53.8312132887 -18.5899135558 40.091809831 1
59.5773499141 -18.6037802899 39.6603740445 1
63.6067381094 -19.4034648048 41.1375628558 1
1.39201914282 -1.18514550309 0.0100674346562 1
3.18515135377 -2.38510830233 2.26309593928 1
2.48871312691 -1.1852151316 0.0101994155246 1
4.49062340613 -5.36757166086 6.62726966834 1
67.5626822158 -20.3899336366 43.5502762108 1
57.9576553567 -19.2164767977 40.6343103283 1
1.52072953001 1.34949021678 -5.2805399711 1
2.65021673554 -1.87407629071 1.06066470141 1
64.8343216807 -21.2568523918 45.9729143627 1
68.173678929 -21.270009794 45.7288533241 1
61.1476093044 -20.7062412697 43.4686199378 1
62.1830968192 -21.3051024203 44.2135222586 1
60.6768247549 -21.2987535229 44.3139129122 1
45.835919591 -19.4926498033 41.0672700054 1
55.5869930194 -19.6335738485 40.6946624805 1
57.8011626801 -20.3441658694 44.240953774 1
3.69710352539 -5.26898304971 5.44057319377 1
19.1098418726 -1.59031021647 1.62164177902 1
60.093084508 -17.6735500105 37.2894592402 1
3.20252136295 -5.78108356933 4.69039326813 1
6.49732924119 -6.68959511897 7.14486458939 1
4.14585226189 -5.04386723507 6.11683139022 1
5.52093139001 -4.33601577213 4.90446976057 1
67.3279693271 -19.2504990602 38.2733608769 1
52.9177556719 -19.3522185221 39.4610846208 1
58.4594346673 -18.4079363198 38.784179473 1
54.339550425 -20.007677867 38.1854120103 1
46.8960630058 -19.9944542128 36.2013368298 1
54.3263760649 -19.9108403854 35.6285995879 1
55.7800407089 -18.4117551307 38.9992253033 1
63.1709630278 -17.1977670816 35.0258934137 1
58.0548474961 -18.6050989264 39.7830990464 1
53.0572802861 -18.5836667629 40.1414582913 1
54.1216096101 -19.1984230952 40.8987676848 1
62.5034889645 -19.2083195769 40.2689058913 1
54.7503330906 -20.2161946717 43.9330142121 1
55.9012967024 -20.2355695222 43.8855144069 1
65.1166996794 -17.0306170943 38.0623401234 1
63.4916077476 -17.8654690152 40.0423666257 1
59.2928437254 -18.2310243084 42.2873145979 1
19.7117571386 -9.65538149233 17.0426502359 1
27.413076577 -9.23608809433 19.5697548609 1
2.21453963089 -1.18519772448 0.0101664203075 1
57.1477460244 -17.2364709717 39.7153056863 1
56.1948586034 -15.8018011528 34.9971856002 1
60.2381534004 -19.2158765876 40.4560981682 1
2.96610786698 0.0492361030209 -2.56617122467 1
0.588972375647 0.43368497365 -1.98419026158 1
56.5925074804 -20.6721992181 43.746940553 1
57.194024935 -19.2149159674 40.6909985426 1
54.9790466815 -21.3640755839 48.0182704983 1
59.6799509452 -20.5337309338 45.0400769182 1
58.1913908663 -20.2653377762 43.7668938497 1
63.8398117353 -20.3897797862 43.8461946195 1
56.6570455163 -20.3276751883 44.2971024936 1
54.1017254873 -19.3699296648 41.8224380885 1
2.13570542888 -3.22110743869 3.13959576967 1
5.5396928485 1.15370161325 -6.3947021921 1
62.5034889645 -19.2083195769 40.2689058913 1
55.6209774493 -19.5566758221 42.6531801848 1
19.6770610247 1.6483223348 -3.02824108016 1
13.7556004508 -5.14868570807 4.30235581265 1
35.0377249973 -14.8683011599 25.0439208467 1
51.2788444985 -22.2553365616 40.7782298059 1
46.579358315 -22.213970918 40.9057481167 1
54.5260736352 -21.3225441339 40.3370223099 1
52.9526613833 -21.3738749296 38.4480522568 1
42.8974824424 -17.6142967225 36.0087291168 1
53.0247555619 -18.6454168757 38.1329609324 1
50.1121386652 -17.3045809106 36.1489088424 1
61.0644743175 -16.1178118894 32.3021638003 1
60.7147187103 -18.6007807758 39.5659578349 1
60.7147187103 -18.6007807758 39.5659578349 1
60.7147187103 -18.6007807758 39.5659578349 1
57.5760597306 -19.2158138152 40.6628504539 1
53.3489205082 -19.1914277131 40.9446974425 1
55.2771687667 -19.2066601141 40.8249327335 1
54.8179254887 -19.6304032751 40.7458583929 1
54.432706013 -19.6283979087 40.7705823289 1
47.843807671 -19.035113717 35.8695103239 1
62.3213805511 -20.3306726405 41.4990715321 1
1.39201914282 -1.18514550309 0.0100674346562 1
3.05964711528 -1.22681632361 0.0328622741776 1
59.3185435272 -19.9567688936 37.7757591124 1
55.9815658044 -19.5424981538 40.1950628116 1
59.7095750275 -20.2792492441 43.6738064401 1
3.00731396851 0.0423119972588 -0.93964930089 1
2.49354128526 0.330647433701 -1.70386255646 1
54.5683982324 -21.376013806 45.4620336651 1
59.8366808532 -19.4072705929 41.4405391067 1
65.9994259931 -18.3519123076 38.1285482931 1
59.33065877 -20.2761821423 43.6979718812 1
52.5743510264 -19.1831458052 40.9876185067 1
59.7388501442 -17.4621430071 36.3302981045 1
64.2436685476 -17.6355272596 36.9212771599 1
64.1297635287 -18.3709437433 38.2948974974 1
4.54550490498 -2.69689180474 2.23131611651 1
17.3324750447 -3.65947258025 3.15203185072 1
54.4871832076 -19.374411459 41.8012087764 1
16.6713481568 0.822899928806 -3.40760831133 1
51.5542420521 -15.4870663378 31.7344038766 1
10.5705988092 -7.91276695772 15.1909433963 1
62.12696337 -19.2100142103 40.3005776043 1
58.6566817401 -19.5396194469 39.9919761746 1
47.5902360029 -20.8525822835 40.7570242131 1
50.9541115096 -19.5134066511 40.504536188 1
50.5991763508 -21.7898114017 43.1954531797 1
59.0370914204 -19.5383509398 39.9616553582 1
55.2132292966 -19.5411934855 40.2494317389 1
54.988593341 -18.5971180053 40.0129872711 1
66.1416544029 -17.3857234202 35.7585952367 1
50.3333478475 -18.5515710857 40.2919824939 1
56.9083702918 -18.6038771625 39.872127284 1
59.1858323911 -18.9177435913 43.5757806464 1
42.50405565 -17.3065551674 32.0341326133 1
33.159045745 -15.99321206 23.7734949969 1
31.3462447468 -17.1243353684 29.1256023081 1
31.3462447468 -17.1243353684 29.1256023081 1
23.2172473844 -16.2938491058 24.9795711234 1
24.8592209051 -17.1991787908 27.2365205755 1
14.3745467853 -14.2414836544 17.8629791096 1
38.9056512033 -13.6677146486 20.2681333075 1
17.1137831317 1.08913250141 -6.26112973028 1
29.3421614099 -16.196123368 26.8388802953 1
60.994923473 -19.2140735244 40.3945169231 1
63.4762517667 -20.2965624585 43.4064939047 1
7.12350356608 -9.04557787172 10.5031211338 1
3.70961675914 -3.2553693 3.44324518192 1
58.7866979071 -21.4823703528 48.0194876553 1
51.2096062459 -22.8800361963 44.2577480931 1
53.7158062722 -19.365119122 41.8428667451 1
55.9012967024 -20.2355695222 43.8855144069 1
61.5979659411 -20.2907858667 43.5453588878 1
60.9498324381 -19.5964208162 42.3002595758 1
54.8924418014 -19.2042038823 40.8501536419 1
51.5152308119 -21.216415562 47.8509794215 1
18.2405956465 -3.86220767347 3.77792342064 1
53.4527526103 -16.1145272054 36.7234396986 1
60.9777702182 -17.0468861333 38.4271538032 1
17.5769397049 0.554118216145 -2.74141657719 1
30.7182763835 -4.68464356315 9.76998757138 1
30.8820931769 -3.6940820862 8.10544386316 1
49.8937921904 -13.88651724 32.8763679294 1
59.8930170016 -16.8269896188 39.6098397267 1
63.6434333646 -16.8237567278 37.2074255502 1
59.4847816396 -16.843714277 37.5744616679 1
56.541105465 -16.1175692379 36.463889599 1
60.9209943909 -19.6290137167 40.2890250603 1
54.0784421298 -19.3544925001 39.3816014227 1
55.2132292966 -19.5411934855 40.2494317389 1
57.2626808429 -18.6300204712 37.7959194982 1
52.2814420643 -18.5761840676 40.1884426455 1
56.525320504 -18.6030157218 39.9011166463 1
56.7647639557 -17.2339679685 39.7449021359 1
46.3781400893 -18.435991981 37.6050222015 1
57.7335316494 -17.4617263266 28.9336865863 1
51.8547020092 -18.0415640828 29.34193807 1
57.0665201835 -17.4834379596 36.5641755791 1
67.2788384759 -16.7976672448 29.8922433137 1
38.8441630535 -17.5422556539 36.1054431439 1
53.1869460715 -17.6944100251 37.8626479773 1
41.718502527 -17.1064674136 31.0830825481 1
56.7240849939 -9.56418933171 18.8441456415 1
25.6075295882 -6.55382703635 12.8357166663 1
28.7944523957 -14.0687723053 23.5148413003 1
19.9511626519 -14.0046221007 20.7749317124 1
7.43868047748 -10.0475570272 9.72492502578 1
7.84229677241 -5.03027079606 5.19117746953 1
20.6105782171 -13.0377588995 26.1307926676 1
26.9152758985 -15.1789505205 26.6635765235 1
35.4285612377 -15.0983783798 26.0886597292 1
32.9575866319 -15.1706737726 31.516608734 1
54.8924418014 -19.2042038823 40.8501536419 1
54.7827206605 -17.2885197679 35.7681323296 1
54.7827206605 -17.2885197679 35.7681323296 1
3.30333413281 -3.70333336653 4.87957015613 1
3.63907644872 0.508181212474 -4.00364288186 1
53.8772003394 -15.8096212149 35.1992343751 1
63.4257170771 -15.7436040436 34.3519499887 1
14.4445954149 -1.16158989493 0.349196136723 1
16.228432983 -2.08384703117 2.97361260557 1
22.0223723876 -3.82469156858 8.54201948844 1
57.1197204317 -19.6367729968 40.5861695292 1
60.95680779 -19.3251001138 38.8346266618 1
63.3391356595 -20.8376531103 39.7540374238 1
63.3308964775 -18.5702156585 37.2677916231 1
54.0572932061 -19.5372448781 40.3271000212 1
59.7850938491 -19.633464668 40.3812072395 1
59.0604170295 -19.3395438088 38.9947727013 1
60.1757532912 -19.5333913314 39.8691737374 1
53.0247555619 -18.6454168757 38.1329609324 1
51.2574022718 -17.7730467845 40.9235087056 1
52.1116081571 -19.6099410822 40.9043238556 1
53.816008138 -21.2125961133 44.6240572108 1
56.6118185269 -20.5045763245 42.839331692 1
53.2742705042 -19.6206003847 40.8408250477 1
57.8834239713 -19.6369183003 40.5293276112 1
60.5939865689 -19.4080690369 41.3820311358 1
56.525320504 -18.6030157218 39.9011166463 1
51.4822370804 -21.2914942167 45.459610047 1
55.7183374024 -21.4005258946 45.4377045611 1
53.3489205082 -19.1914277131 40.9446974425 1
54.1216096101 -19.1984230952 40.8987676848 1
52.784385708 -20.2975130359 42.1272085469 1
55.6194873356 -19.3538839277 39.2688139644 1
61.8483002312 -18.5962138583 39.4699767477 1
65.0203409258 -17.4012378052 35.8588567893 1
59.7132240928 -17.6762157715 37.3226664456 1
60.994923473 -19.2140735244 40.3945169231 1
52.0669106669 -17.3017341528 35.9949975011 1
65.2527450125 -18.3598596924 38.1951289059 1
53.5584137067 -17.6148739766 35.2598425211 1
63.634577955 -16.4740725775 31.9585980521 1
62.0395441778 -17.2134326775 35.1271852166 1
61.6345277425 -17.4428507856 36.1617709205 1
60.1453772944 -17.2375841397 35.2966478783 1
55.2370725703 -19.5517089007 42.6737965306 1
52.8871899703 -19.6173777693 40.8627981411 1
58.5389728931 -20.3363471673 41.7881462356 1
51.1763408175 -15.3770352935 31.2531309063 1
52.9618722994 -19.1874522439 40.9665556551 1
60.7389161724 -18.3972710354 38.591480914 1
52.9177556719 -19.3522185221 39.4610846208 1
49.8715415119 -21.311700587 40.5894122759 1
46.7295833081 -21.2740494593 40.6701724897 1
50.562110352 -21.9093658376 41.3574946556 1
52.2696762853 -20.9838151918 41.0370777664 1
52.4996368497 -19.6138279179 40.8839797223 1
57.6698153009 -18.4187578998 36.7779193416 1
51.8599616434 -20.9608999593 38.6296110229 1
59.0748120267 -19.0063302086 35.4348821859 1
59.3776595541 -15.0268999491 33.3177963647 1
63.2186757982 -19.3027802814 38.6382708703 1
62.2013559985 -18.5840385885 37.3681515897 1
58.6566817401 -19.5396194469 39.9919761746 1
54.8179254887 -19.6304032751 40.7458583929 1
54.432706013 -19.6283979087 40.7705823289 1
56.90035416 -20.8953014585 40.276484922 1
45.988018998 -21.0320153572 42.0135769135 1
49.6408290248 -20.5284943826 43.9059829517 1
52.1116081571 -19.6099410822 40.9043238556 1
48.9673362377 -22.1885678235 43.1011842222 1
52.9081570473 -21.980557749 44.0135744246 1
53.5389753321 -20.4690296973 42.9894962007 1
52.9177556719 -19.3522185221 39.4610846208 1
62.9781614278 -18.5902071314 39.372789575 1
56.7700166704 -19.5697044843 42.5869101171 1
61.3496259962 -19.4080452357 41.3223401941 1
47.9791466255 -18.5093676242 40.3824357322 1
58.0548474961 -18.6050989264 39.7830990464 1
51.8928007969 -18.5719562299 40.2108335994 1
56.3650562375 -19.5427750627 40.1671914698 1
57.130695273 -19.5426139128 40.110210725 1
63.7546378313 -18.3744017881 38.3280980968 1
67.1165324815 -18.3392171959 38.0287013955 1
58.4361249442 -18.6050731357 39.7528090564 1
62.6268322385 -18.3840158466 38.4274220361 1
63.969370676 -19.2942803869 38.5721932827 1
62.0895941259 -19.3145667698 38.7368762663 1
58.7195396882 -19.2171241982 40.5761484536 1
59.3329299438 -17.6787318195 37.3557883531 1
58.9286520301 -17.6647499675 35.2895382228 1
54.4760323222 -14.7284723225 36.5022121402 1
65.9070968149 -14.5009556798 34.4904855289 1
52.7988420152 -17.6935476899 37.8919563019 1
49.1774038357 -18.3686101251 39.429521233 1
59.6011129798 -18.4033752091 38.6885534324 1
57.8945633137 -19.5415448327 40.0517449061 1
55.9815658044 -19.5424981538 40.1950628116 1
60.8515148028 -17.6677869944 37.2228315709 1
51.2635819926 -17.4990777527 37.0376375612 1
61.5643533843 -15.3359823537 30.8453937524 1
60.9043301317 -17.2282370156 35.2288014329 1
51.5981989172 -20.0535611257 36.3464118485 1
51.2160082959 -20.2032380018 39.352998153 1
55.8567264069 -20.1938103166 39.0314962753 1
46.7552408935 -18.6092090942 38.5126048718 1
47.4430951193 -19.3030489089 39.7415255324 1
57.7828253863 -17.6789338169 35.3912406253 1
65.2325681668 -18.318529118 36.1071332835 1
65.2325681668 -18.318529118 36.1071332835 1
55.2771687667 -19.2066601141 40.8249327335 1
66.2467653397 -19.183112395 39.9454825762 1
55.6353594874 -17.0380129727 38.8700748539 1
54.1017254873 -19.3699296648 41.8224380885 1
59.1973735143 -18.6044081039 39.6914282397 1
56.7903957014 -19.3948885315 41.659277016 1
62.225330748 -18.5943656088 39.4376988092 1
64.431319445 -16.3024913829 33.0186211896 1
56.6584960655 -17.6917488686 37.5842158338 1
60.6278354639 -16.5944244545 34.3660989523 1
59.9564936402 -18.3936476749 36.5779000684 1
59.1960237299 -18.4025749483 36.6448790155 1
73.589224301 -19.1490500027 37.7139481028 1
51.8630441507 -21.1464209977 41.9575151145 1
53.2742705042 -19.6206003847 40.8408250477 1
56.263538116 -19.9917773761 38.0325641058 1
74.0612542537 -16.1239471462 32.1973488145 1
44.1684522014 -17.2684823947 36.5280068931 1
62.9547934268 -18.5749371249 37.3012668287 1
56.8797170222 -18.6324412247 37.8278877943 1
61.6082418963 -17.6614767615 37.1559852606 1
55.5055253009 -17.6945759828 37.679480523 1
60.5990113088 -17.0474727019 38.4599028585 1
50.9446383642 -19.5961565203 40.9598350489 1
51.8590158011 -18.6446991109 38.2171833679 1
52.6366614046 -18.6454418997 38.1615092483 1
53.3051239952 -19.3532526739 39.4351398709 1
51.493226846 -20.9784878973 41.0742999358 1
56.3324244993 -22.1011811748 41.976187585 1
52.5095188603 -19.5279159517 40.4219696227 1
61.09299668 -18.5994260956 39.5341191963 1
61.6082418963 -17.6614767615 37.1559852606 1
55.5295158221 -17.4920707512 36.6954323819 1
58.4594346673 -18.4079363198 38.784179473 1
54.0784421298 -19.3544925001 39.3816014227 1
49.390873841 -19.49305958 40.5716519044 1
58.2646200502 -19.6366512376 40.5003467094 1
66.2119332214 -19.2660194236 38.3730706847 1
63.679611301 -16.3149859291 33.0849271366 1
59.7132240928 -17.6762157715 37.3226664456 1
57.3138093212 -18.4108123839 38.8779448379 1
60.7147187103 -18.6007807758 39.5659578349 1
56.3542506558 -19.6356770462 40.641353212 1
55.7281039947 -18.638567233 37.9224830097 1
56.1418207396 -18.6019161319 39.9297233931 1
56.0244556791 -19.3892287008 41.7091107593 1
61.872914088 -18.3897535819 38.4933175669 1
56.4286270956 -19.2123884604 40.7460168257 1
50.0682991701 -17.6798039554 38.0836152328 1
56.1641628829 -18.4118479368 38.9693668122 1
71.1986621598 -16.0034682633 35.1641332094 1
61.7340191543 -17.0452294372 38.3613594895 1
58.151812238 -18.2184789188 42.3667572711 1
59.0796851435 -17.0480986265 38.5896322541 1
58.2940114163 -17.2425928885 39.6246463474 1
66.7827628781 -15.8218224535 34.5553057124 1
60.093084508 -17.6735500105 37.2894592402 1
52.1863536835 -19.1784986961 41.007839968 1
60.9533436279 -17.2495471195 39.4046456673 1
53.6844092672 -17.2046394941 39.9669603208 1
55.5055253009 -17.6945759828 37.679480523 1
52.0211702708 -17.6910395385 37.9492876406 1
59.9564936402 -18.3936476749 36.5779000684 1
53.9312985176 -20.2023107132 39.1744539651 1
43.984801945 -20.9274484129 38.967571344 1
49.1268668101 -20.9665518896 38.795894504 1
57.0166869502 -17.6877357565 35.4588354664 1
49.26193792 -20.19451989 39.4587004287 1
50.9541115096 -19.5134066511 40.504536188 1
54.4430665448 -19.5388372012 40.3017712828 1
