62.1204824044578 4.0250095762852105 -44.58238679537423 1
64.33507154378268 3.6621822052363973 -44.38733291662047 1
63.82819608164206 3.0064234185309124 -44.09323506570024 1
64.93188914378626 2.8308650565628812 -43.99862161482282 1
66.4906860884204 3.2326668083800802 -44.82359310217294 1
66.21719435392606 3.9188889218709777 -45.80347988047422 1
67.31317673650672 1.5278416405404838 -43.53217259503326 1
67.67811017450408 1.4742112141511998 -43.50218857694448 1
67.99640204931038 3.546806685255699 -46.26707205889351 1
68.36027578720427 3.489485702882711 -46.2354462770965 1
68.36027578720427 3.489485702882711 -46.2354462770965 1
69.08716422623988 3.3768511950783564 -46.17241094712583 1
69.40487462330918 3.0118741001942673 -45.670094586210986 1
69.9499769913945 1.7793233611561599 -44.26949349879128 1
69.6831598109452 2.1410543684189376 -43.596475157005976 1
69.6831598109452 2.1410543684189376 -43.596475157005976 1
70.40965679097741 2.044216944154409 -43.53579192348458 1
70.77246440284682 1.9966504366603077 -43.505572396155955 1
70.49789695925685 2.6517991604889657 -44.48026564316567 1
70.77246440284682 1.9966504366603077 -43.505572396155955 1
71.22267239736559 2.5540586751967576 -44.41888418153195 1
71.85913312751774 1.8572550968151136 -43.415405896951654 1
72.40519400436655 0.6583218911694333 -42.01869958650069 1
72.40519400436655 0.6583218911694333 -42.01869958650069 1
72.14048266412271 1.132019709879084 -41.88901362120818 1
72.86386328090222 1.0484747559731944 -41.83075483241443 1
73.41112937080345 -0.1334966516697289 -40.43472902748668 1
73.41112937080345 -0.1334966516697289 -40.43472902748668 1
74.09133559661704 -0.5013627523651198 -39.905831135515626 1
74.87983223280101 -2.5626360995801845 -37.0596240104365 1
72.38513795951788 -3.6817015869566316 -29.00110594783949 1
8.716444472081779 -10.49302772221039 -3.2596572218039466 1
7.837988590942583 -4.024827109464876 -2.9812376188703196 1
5.345377603598919 -2.5586878287114367 0.37607279975146457 1
28.913495350220664 -3.422971208095482 -3.8917221320742157 1
17.369628609853613 -3.1373203312924924 0.4042357907652394 1
31.29947856070156 -10.330324071526842 6.009086166016142 1
4.743722724997259 -3.440778350985621 0.5794442582920001 1
5.214334112434752 -1.3302109000079971 1.323096555858766 1
13.179165024231992 -8.79641420754107 7.6917772060800305 1
26.14094306503118 -7.7111118640576795 5.720531875785662 1
65.07079968926651 3.5471855293686128 -44.32293150114901 1
66.76530496413194 2.552497789873376 -43.842404503182394 1
67.49656035495813 2.4458670074680167 -43.78045022984547 1
66.58361348932605 1.4151068858657134 -42.48973015966266 1
68.04617812151432 1.211815044031228 -42.3701215933161 1
68.04617812151432 1.211815044031228 -42.3701215933161 1
68.77114536931516 1.317213505576953 -43.4126538162541 1
69.13490422440168 1.2661446032672385 -43.38295008700672 1
69.58708107492755 1.8308048715762193 -44.29957060024765 1
69.9499769913945 1.7793233611561599 -44.26949349879128 1
70.31258514839313 1.7284501047168388 -44.23948897438477 1
70.49989468981782 0.4596747869705653 -42.31795966842784 1
70.49989468981782 0.4596747869705653 -42.31795966842784 1
70.40965679097741 2.044216944154409 -43.53579192348458 1
70.40965679097741 2.044216944154409 -43.53579192348458 1
71.13497913525129 1.949640329258595 -43.47543469201787 1
71.49720177777321 1.903178027061303 -43.4453791028838 1
71.68164142550731 0.7451224282728486 -42.07648134270432 1
71.68164142550731 0.7451224282728486 -42.07648134270432 1
72.04356370120314 0.7014652516970643 -42.04755052728297 1
72.7241103063719 0.31874783668833784 -41.51717336128202 1
73.36234691583289 -0.35281506657625084 -40.51443177080023 1
73.36234691583289 -0.35281506657625084 -40.51443177080023 1
73.32811836576292 -0.71890807884184 -39.48657013746946 1
73.6892826431944 -0.7558351041513367 -39.45927533726567 1
73.96831663222076 -1.3725864129519594 -38.48299606900423 1
74.32911816966468 -1.407187770031626 -38.45644091294365 1
74.32911816966468 -1.407187770031626 -38.45644091294365 1
75.79981466404939 -4.201178647844972 -32.92402424612612 1
13.375855030823882 -5.616970638687893 -7.126301994933771 1
14.516400352092681 -3.202820769209608 0.4194998077574619 1
8.551712591220355 -6.509659213049926 2.5401783844897996 1
14.44374145600008 -6.3995735038673836 2.4096535798303176 1
40.833455997733 -2.8249552504225894 -4.830433618712204 1
7.364462288743333 -7.1732319208931274 4.43611135528113 1
18.814619573393216 -11.679377206051639 9.924558570671149 1
15.55668948533918 -11.879713382134671 10.200706510142115 1
5.7879468848712925 -7.522800216193587 5.656448172125684 1
16.3640050961489 -9.68243921079534 9.303304885676644 1
65.89758366624848 4.061593934554908 -45.20902680882766 1
66.26405967242293 4.004792676414182 -45.17660524614562 1
67.31550044898115 1.3121962648591223 -42.42977588306509 1
68.41106532908618 1.1625475313389866 -42.34040828581285 1
69.13994029353728 1.0658095696291503 -42.28121175369193 1
69.5039296040866 1.0183200380137203 -42.251729402970795 1
68.95548204714233 2.24022473012353 -43.65748155109943 1
67.68099007828732 1.261694614993203 -42.399910963241915 1
70.2310158367775 0.9250535424625839 -42.19299850631872 1
70.2310158367775 0.9250535424625839 -42.19299850631872 1
70.2310158367775 0.9250535424625839 -42.19299850631872 1
70.95691759182509 0.8340107618396986 -42.13458167259465 1
71.13497913525129 1.949640329258595 -43.47543469201787 1
71.13497913525129 1.949640329258595 -43.47543469201787 1
71.31942633459755 0.7893015148358606 -42.10549180692755 1
71.68164142550731 0.7451224282728486 -42.07648134270432 1
72.40519400436655 0.6583218911694333 -42.01869958650069 1
72.40519400436655 0.6583218911694333 -42.01869958650069 1
72.3626463090442 0.36062306438522373 -41.54567308830237 1
73.08528280900589 0.2773648723612965 -41.48875365089501 1
73.0012234209661 -0.31341714231741813 -40.54221973121916 1
73.36234691583289 -0.35281506657625084 -40.51443177080023 1
73.6892826431944 -0.7558351041513367 -39.45927533726567 1
74.05015206785932 -0.7923228374593916 -39.43206177897627 1
74.41072761752876 -0.8283781004781443 -39.40492948863734 1
74.73022983095494 -1.1529686235597914 -38.904173223928254 1
74.46954791874502 -0.6668437355473178 -38.76821697861832 1
74.46954791874502 -0.6668437355473178 -38.76821697861832 1
80.18383608575381 -5.748605850424915 -22.873027751159935 1
59.34865413791927 -9.102626389654866 -4.836547679111791 1
14.922150203446662 -6.3782090377382525 2.3965609764629026 1
15.398811689741006 -6.357206321666947 2.383847085087354 1
3.0870813762017164 -0.1445839938494231 -7.735587470855709 1
28.642842554213985 -13.709883816597712 9.187217531464887 1
41.53014486216375 -11.219821559945025 5.8929619567201 1
11.008547599509821 -2.8991155737480705 -5.623568144277935 1
6.380452172692724 -6.848550920819596 3.98589390693736 1
15.599014599299327 -8.185150693276883 4.767551787908614 1
10.537462687665158 -6.908265206361744 4.719909825208607 1
33.73564751800666 -8.842903241259997 8.28830512773251 1
66.72185217445376 2.1360051972315053 -42.81358325450593 1
67.45395939078988 2.0341833715585844 -42.75228362751062 1
68.77565246246074 1.1138822514180635 -42.31077152213623 1
68.77565246246074 1.1138822514180635 -42.31077152213623 1
69.00932867201374 0.15290073022694584 -40.8530983251864 1
69.37372454720449 0.10786292239373108 -40.82444593398047 1
71.19119279816297 -0.1091800949225008 -40.6823497326986 1
70.10161146091457 0.019442729853103025 -40.767373405326055 1
67.91432112421911 0.2914346411544977 -40.93951574129109 1
68.64463004049684 0.1985024066880059 -40.88182767800155 1
71.68164142550731 0.7451224282728486 -42.07648134270432 1
71.31942633459755 0.7893015148358606 -42.10549180692755 1
71.68164142550731 0.7451224282728486 -42.07648134270432 1
72.04356370120314 0.7014652516970643 -42.04755052728297 1
72.63980692814184 -0.27354617295755057 -40.57008723357632 1
73.0012234209661 -0.31341714231741813 -40.54221973121916 1
73.36234691583289 -0.35281506657625084 -40.51443177080023 1
73.36234691583289 -0.35281506657625084 -40.51443177080023 1
73.55056786700729 -1.4903273128286099 -39.14402437158952 1
74.27185406705325 -1.5634442641933588 -39.090850357190064 1
73.82969886735494 -2.1096790376234353 -38.16752125792115 1
74.55084907621388 -2.1789959881010623 -38.11566357554956 1
74.87983223280101 -2.5626360995801845 -37.0596240104365 1
75.23998360051691 -2.5943524616290348 -37.03433349742789 1
75.23998360051691 -2.5943524616290348 -37.03433349742789 1
75.59984122856324 -2.6256830272199383 -37.00911927378283 1
75.89130544013953 -3.2756511595491977 -35.476317190938246 1
75.69975763555989 -2.1668259488369923 -36.84629993338644 1
43.952439643177485 -3.0171187363746133 -20.769297644170436 1
4.946651960137416 -2.1630178487080656 -2.0942874718120286 1
6.186555052360269 -2.797709364271428 0.40497535577785904 1
37.55109544505311 -4.486920728904609 -6.743868364187211 1
26.082363476579737 -3.363935218316155 -10.864894946023595 1
5.381583317484434 -4.50463579727986 0.9679627675877711 1
5.341780988765777 -4.9325719042420255 2.936478075070598 1
6.186555052360269 -2.797709364271428 0.40497535577785904 1
46.636004037689034 -10.286815683916261 10.895212623173855 1
17.992277261717284 -11.251769003146588 11.495786826085935 1
4.898859777288269 -2.982100483157904 2.755318259155054 1
12.111772684795596 -3.324927781754236 1.9372061696687648 1
67.77516840848426 1.6773546934262251 -42.2456415277227 1
68.14060413930491 1.6288201363333643 -42.215465073653434 1
69.05681205753096 0.3652613304434005 -40.775412968065794 1
69.42132525400959 0.3208522776549927 -40.74657772174204 1
70.29016277316315 -1.1382184007647789 -39.38705983626425 1
71.37964460434301 -1.2599660672096835 -39.30536961124209 1
70.70765896164262 -1.041396865551547 -38.72560103994738 1
70.34385151403673 -1.0022674937085752 -38.75295677749215 1
71.60205941405835 0.06555052765289116 -40.575258122229975 1
73.41112937080345 -0.1334966516697289 -40.43472902748668 1
71.60205941405835 0.06555052765289116 -40.575258122229975 1
71.91609130471221 -0.19235504406339698 -40.626060315262905 1
72.63980692814184 -0.27354617295755057 -40.57008723357632 1
73.36234691583289 -0.35281506657625084 -40.51443177080023 1
73.6892826431944 -0.7558351041513367 -39.45927533726567 1
73.6892826431944 -0.7558351041513367 -39.45927533726567 1
74.05015206785932 -0.7923228374593916 -39.43206177897627 1
74.05015206785932 -0.7923228374593916 -39.43206177897627 1
73.96831663222076 -1.3725864129519594 -38.48299606900423 1
74.68962465305621 -1.4413747133160126 -38.42996604162228 1
74.46954791874502 -0.6668437355473178 -38.76821697861832 1
75.1499951394265 -1.0203466101192382 -38.240202310737544 1
75.37954645457458 -1.851960897917504 -37.34694280698139 1
75.73947373620396 -1.883089007952532 -37.32116222031927 1
75.73947373620396 -1.883089007952532 -37.32116222031927 1
76.05949472694246 -2.1968906515932307 -36.820897892749606 1
76.05949472694246 -2.1968906515932307 -36.820897892749606 1
76.8020499777246 -2.347198315421073 -35.65446678145621 1
76.72459743761154 -2.9031090092533907 -34.70298929547357 1
70.27370920129826 -2.2191080615682757 -24.02116769867002 1
19.115827473486405 2.0704262295941076 -20.429874175470797 1
49.531976769609145 -0.5442706729873459 -13.260720108091117 1
34.170610579636836 -5.6500805502695535 0.7485705108727814 1
10.808410909356681 -4.89340103676128 0.7189117908618259 1
5.116563216549604 -1.6313860212756603 0.05040308229760093 1
4.364930896919088 -1.4822442469839685 0.048094163897849374 1
22.662455376869175 -1.9486487089972748 0.03682147253359913 1
8.835224000351797 -8.357030383744037 7.129767657814551 1
22.297407957185975 -6.807786517307651 5.504957765495244 1
8.377655511151445 -4.324079499283442 -0.643610232075259 1
68.60571082519304 -0.19552139434825255 -39.84875412083131 1
69.3355737628093 -0.28162709193002566 -39.792151455318134 1
69.97973798609044 -0.9626437834561186 -38.780391988259154 1
70.70765896164262 -1.041396865551547 -38.72560103994738 1
71.01678395101088 -1.2198883630577528 -39.33252478044904 1
71.37964460434301 -1.2599660672096835 -39.30536961124209 1
71.43435957630597 -1.1182044621437237 -38.671128605734296 1
72.88413159008581 -1.2662294690854448 -38.563143207396756 1
71.79725473230216 -1.1558982283830233 -38.64401217208781 1
72.52213973642931 -1.2299034100579642 -38.590019394057265 1
73.02427341880222 -0.526896235585883 -38.87722901195958 1
70.84731666961791 -0.30387160000161506 -39.043306172165956 1
73.02427341880222 -0.526896235585883 -38.87722901195958 1
73.74750813487977 -0.5977070221170888 -38.822552514442 1
74.51938609078765 -2.5305277972169082 -37.084990834044326 1
74.87983223280101 -2.5626360995801845 -37.0596240104365 1
74.87983223280101 -2.5626360995801845 -37.0596240104365 1
75.23998360051691 -2.5943524616290348 -37.03433349742789 1
75.56021150578916 -2.910532915712305 -36.53386399440621 1
75.84134409868246 -3.5073394116597045 -35.557658683077605 1
76.25096872368327 -3.303723161967753 -35.45203215816508 1
76.25096872368327 -3.303723161967753 -35.45203215816508 1
76.61033732076378 -3.33145008013358 -35.42782312496022 1
76.53296965463647 -3.8912149942009755 -34.47566855753499 1
76.96941232260163 -3.358837316583485 -35.40368998445251 1
76.89223873723569 -3.9172550622665336 -34.452153933861716 1
76.699757094347 -3.215990019652337 -33.66517127902207 1
77.41789652201615 -4.687567778733692 -25.527997485423228 1
75.97951229406162 -3.167385931308886 -33.712745626855224 1
19.627691518761765 -0.6396098830936392 -16.918505630309376 1
54.32520027063744 -0.9310325041307355 -20.520865976694736 1
32.53512635861861 -4.750301356677699 -3.606815757354964 1
6.22017352395045 -4.934008934157852 1.0427697187680829 1
4.145344852662763 -0.8249528580473453 0.25280872345308514 1
15.213458884757465 -2.0503343413497968 0.04453656059538735 1
5.51879304969216 -1.7074715751197178 0.05155894394275884 1
4.364930896919088 -1.4822442469839685 0.048094163897849374 1
4.571874173326105 -4.500132085049152 2.658757164299069 1
42.68557750705339 -7.132597017973696 5.222009963466723 1
2.2164549375929 0.310195969422708 -1.6481871935064951 1
69.12332310949941 0.3365122787740149 -39.02294239866815 1
69.85370041447257 0.25774779002613046 -38.965738297126705 1
70.11921933780171 -0.22580556435525256 -39.09934721743793 1
71.21090430890011 -0.3421874800358937 -39.01541339980059 1
71.79725473230216 -1.1558982283830233 -38.64401217208781 1
72.15984778513581 -1.1931287463304852 -38.616975739151414 1
72.35046103957204 -2.3292875815214553 -37.23879390975999 1
73.07463308411528 -2.398048014690679 -37.18722122803428 1
73.57545892196045 -1.6905379946504095 -37.47706363685055 1
72.12678368714518 -1.5540825490478194 -37.58262510173449 1
73.93687345827298 -1.7236140562065794 -37.45087685004533 1
73.93687345827298 -1.7236140562065794 -37.45087685004533 1
74.08853039284543 -3.1299182032238915 -35.59888543711147 1
74.8105365275846 -3.189309009780261 -35.54962921811953 1
75.3622290982409 -2.2364349844152254 -35.75447748964245 1
75.72263259914693 -2.264633256160442 -35.72935070161427 1
75.72263259914693 -2.264633256160442 -35.72935070161427 1
76.08273648507941 -2.292489686534893 -35.70430677878698 1
75.81354419933322 -3.838142918759335 -34.522920768047996 1
76.53296965463647 -3.8912149942009755 -34.47566855753499 1
76.50750815807412 -2.12215433432017 -35.034482969879946 1
76.8672619399137 -2.147920336037612 -35.00968811419263 1
77.22671639122399 -2.173377574316959 -34.984978341744856 1
77.22671639122399 -2.173377574316959 -34.984978341744856 1
77.36672178331526 -3.504747239633066 -33.70257891961956 1
75.14316213138939 -3.948637870747229 -32.32301100740249 1
82.57806001405908 -7.501540298412046 -26.69420215195071 1
14.522781194365312 -2.4741326498471383 -4.597941607174483 1
19.30523192244864 -3.816525217533784 -8.531391454222026 1
3.027985952565224 -2.600074461049831 -1.9748807968440363 1
4.979482907943769 -1.9323118150090801 -2.722180143750852 1
3.97357187368387 -3.4744565613362424 1.3604041435220926 1
5.291371985835479 -2.9381901795164507 1.408931547455211 1
9.38627903695949 -1.4529762651302596 -2.859111446452667 1
13.378779272065465 -1.1455440158498198 -3.4321596775655827 1
15.835177686445348 -0.9942917985209798 -2.57535589746849 1
5.580500112464659 -1.27385047507024 -1.1285901260827014 1
0.922819458907302 -0.6289354103720945 -1.5036927408123457 1
5.268339730198196 -0.9507085492029693 0.2902378081550139 1
13.477026954818886 -1.170850490667813 0.35225411158283926 1
70.09313658831289 -0.6629734552736077 -37.50092051106137 1
70.8223732160157 -0.7342310143003683 -37.446060742012754 1
71.91524612971979 -2.9424267430840922 -35.748489265110564 1
71.91524612971979 -2.9424267430840922 -35.748489265110564 1
72.46807705234205 -1.997864571667951 -35.95849432787237 1
72.6399941087544 -0.9047971382086795 -37.31046202312491 1
73.25605721655697 -1.8755277304893792 -35.26150679566107 1
73.25605721655697 -1.8755277304893792 -35.26150679566107 1
73.72707596708989 -3.0996561042045956 -35.62362817998708 1
73.64808878897857 -3.6705972924198083 -34.666467932176424 1
74.37111276813017 -3.7278793738216853 -34.61831982866563 1
74.44968354583997 -3.159800478541974 -35.574219132091265 1
73.6443667669919 -1.9882674613553308 -34.10746735722794 1
75.45402207833439 -2.116149165121095 -33.98294513732081 1
75.81502327927187 -2.140788828618234 -33.95830621940661 1
75.81502327927187 -2.140788828618234 -33.95830621940661 1
75.81502327927187 -2.140788828618234 -33.95830621940661 1
75.81502327927187 -2.140788828618234 -33.95830621940661 1
76.49788312709751 -2.4628659173608902 -33.431864966408334 1
76.49788312709751 -2.4628659173608902 -33.431864966408334 1
76.55142279375173 -2.2171799054153674 -33.344825483186646 1
76.55142279375173 -2.2171799054153674 -33.344825483186646 1
76.55142279375173 -2.2171799054153674 -33.344825483186646 1
76.55142279375173 -2.2171799054153674 -33.344825483186646 1
78.05580263933781 -4.169068852131308 -31.013374213568756 1
31.45134234490481 -2.5412867337952507 -23.14932050089693 1
23.86833734942776 -3.2932392984608985 -10.97259951723506 1
43.151343941837716 -2.8504242828920057 -9.269072876973471 1
57.27343336285911 -4.512186517495797 -14.843000031651489 1
31.61679816618576 -0.36591912568978424 -6.863518702742333 1
13.358341115475955 2.3006841867107273 -11.383632425799084 1
3.8404717483138526 0.2194226923162429 -6.600494556247883 1
11.380314747577366 -1.4429326575682717 -2.812195230445458 1
9.012002297988762 -0.5132667381571726 -4.928071474888784 1
1.2666662897674392 0.008889545738285931 -4.043458768533503 1
62.71763999090828 -1.782000073076273 -4.769013191585869 1
4.589715324187761 -2.386221198358962 1.385790778465712 1
4.229804302869212 -2.270634028550517 1.3199140235934825 1
2.6053306300576686 -0.6622165112463718 0.1944764569770996 1
3.8055059466764085 -0.7841880196396839 0.24066806510380512 1
69.89092994172424 0.0008113533901954462 -36.71475635206751 1
70.812795786107 -1.1945515582441613 -35.275020308366244 1
71.66108033554107 -2.51005539475202 -35.05009854078842 1
72.3881382655731 -2.5705623631789853 -34.99952512015876 1
72.16667935097743 -1.7870009412043752 -35.33874710004979 1
72.72325577667755 -2.932799598472813 -33.93087872802949 1
73.08630306503115 -2.9602181431674923 -33.90631186596691 1
73.08630306503115 -2.9602181431674923 -33.90631186596691 1
74.02106771156849 -2.0496483088418005 -33.51639614010431 1
74.38348306821786 -2.0744832360205523 -33.491617767246204 1
74.36916385037782 -2.040377080661293 -34.057391743169994 1
74.36916385037782 -2.040377080661293 -34.057391743169994 1
75.9412342330687 -3.4436989421673947 -33.23466158058941 1
75.21958247524796 -3.395206464341771 -33.28191805212788 1
75.77660785700398 -2.4157967089916688 -33.48024275695076 1
75.10737250271863 -2.123231872732334 -33.442330644419414 1
75.10737250271863 -2.123231872732334 -33.442330644419414 1
76.17571748570431 -2.1651277939898628 -33.933755094479245 1
76.55142279375173 -2.2171799054153674 -33.344825483186646 1
76.55142279375173 -2.2171799054153674 -33.344825483186646 1
77.05146734254342 -3.569864947034096 -32.03734296954557 1
77.77072791817831 -3.6115152984035337 -31.991769506065992 1
77.41124917002386 -3.590821483192397 -32.01451581101209 1
77.55594784344204 -2.824670164286225 -32.31818180566937 1
75.94511677514852 -4.105504799811643 -29.441668805826062 1
45.60033590250766 -4.395798868060908 -11.594905267545542 1
38.381665972270234 -4.3060085472706175 -7.968369902564476 1
15.523520555487028 -4.009858329827976 -8.79275743380199 1
5.7171997612939585 -2.1462287524342676 -5.398475329116071 1
22.634079214165652 -6.060091267456241 -4.8233685547281695 1
66.07327619553016 -3.1029508878162027 -21.663062885386996 1
3.0563520230292376 0.38690683273565063 -1.8775032811901404 1
10.016185627850245 -0.5258175308913565 -4.8854184384684585 1
33.717346980483754 -1.0855131695869658 -3.037363255767056 1
46.31130006492937 0.3915057396828292 -7.417659363064377 1
1.4711664509548932 -0.6289702246268236 -1.5036267503781398 1
6.003272789195986 -1.3324290111451642 -1.1777569555914025 1
7.459391276224743 -0.9648160255214533 -2.739573384544236 1
2.0174099839409934 -0.9402693362247638 0.9512575590600647 1
9.017735859220679 -1.2189346925988858 0.36842161190855927 1
70.73248865975685 -1.7661267790653468 -34.31137428814264 1
70.69261678698535 -2.0509621549014145 -33.82875499036506 1
71.47525140928984 -1.8667203373571306 -33.692390886049026 1
72.56823789430062 -1.9471183952163296 -33.61641589206717 1
72.56823789430062 -1.9471183952163296 -33.61641589206717 1
72.70009606003886 -1.1446192614741335 -34.49146641888354 1
72.33622750329992 -1.117138054554656 -34.51746639438669 1
72.33622750329992 -1.117138054554656 -34.51746639438669 1
72.33622750329992 -1.117138054554656 -34.51746639438669 1
72.33622750329992 -1.117138054554656 -34.51746639438669 1
72.33622750329992 -1.117138054554656 -34.51746639438669 1
74.45255154503838 -1.8575411471016823 -32.83667418231702 1
75.00873577596163 -2.9695610486582535 -31.434945737086807 1
75.31671418532271 -3.2400511286979072 -31.49927176685805 1
75.57266077152617 -1.9650994543727318 -31.62521913561056 1
75.5386068019403 -1.9261809870315116 -32.763264258377745 1
75.21064861786179 -1.9444104200681545 -31.64911196686497 1
75.9343558386648 -1.9855328659987292 -31.601418954098605 1
76.29573522372334 -2.0057147474881742 -31.577710962702476 1
76.83600737672923 -2.7824790627909435 -32.36494722534036 1
77.30388294696205 -2.5953875875227017 -30.548912312950183 1
77.66418897193236 -2.613386913249971 -30.52623035736426 1
77.66418897193236 -2.613386913249971 -30.52623035736426 1
77.8217068304503 -3.661988011346373 -30.293482196243172 1
72.64166194501571 -3.15262836892094 -24.75567309977247 1
13.69163398960173 -3.606581597562858 -8.775622003838556 1
11.67437897343439 -4.24733640479319 -7.558569854858021 1
28.13215448465465 2.588857859200544 -23.89437443753255 1
78.02209225536707 -0.24201216525610025 -23.987252834775607 1
22.2916311603376 -2.536113271645435 -8.688081082049791 1
82.14939873144073 -3.6257406366428935 -19.806928385431743 1
34.991688109735954 -1.0813401986060622 -3.019104775429715 1
17.492518012811345 0.6795605326361809 -6.387643973424906 1
19.149853127522455 -0.5884321366640133 -4.563133298315936 1
0.2356515714854588 -0.12247289768888003 -0.4705290717677335 1
1.474446593322881 -0.4576788178017599 -2.7736543593628706 1
30.33127958364898 -0.9401141547102365 -2.3569152852017328 1
0.09893413517270844 0.6952190980828027 -1.8921177312929083 1
2.2603062789658424 -0.7153498070114617 -2.0724166393691457 1
5.60896663339118 -0.8855311803359633 -3.206405407326435 1
70.37934101845839 -1.7831506013119558 -33.76919754571639 1
71.25614497937698 -1.0734052899704638 -34.02736381441072 1
71.90725003906424 -1.6869641644132183 -33.01122355605146 1
71.90725003906424 -1.6869641644132183 -33.01122355605146 1
72.6360935422172 -1.7372547953534712 -32.96088154614014 1
72.27183463623497 -1.7122701095853565 -32.98600510185792 1
73.00002815854945 -1.7619235234889175 -32.93585252058708 1
73.1943386988327 -2.860627621909473 -31.55271047979742 1
73.1943386988327 -2.860627621909473 -31.55271047979742 1
73.1943386988327 -2.860627621909473 -31.55271047979742 1
73.1943386988327 -2.860627621909473 -31.55271047979742 1
74.48566739383303 -1.902248692970454 -31.69717741039082 1
74.96861141879452 -3.541543772244471 -29.32970295161541 1
74.24282144835341 -3.5052592744683753 -29.374158866127175 1
75.49764845680266 -2.5019285128446422 -30.66365504373325 1
75.13545079687653 -2.482517567868159 -30.68687339164411 1
75.49764845680266 -2.5019285128446422 -30.66365504373325 1
76.22108875154909 -2.5400196239564465 -30.61748952403407 1
76.94326516725587 -2.577162379235054 -30.571682519484767 1
76.7774799459494 -3.6281584155535285 -29.22006067233074 1
77.28649818857082 -2.864597520834622 -29.497967517686675 1
77.9709851715847 -3.1584655843097664 -28.973817915297918 1
77.72421364327863 -2.6191753415225616 -28.81149277061099 1
77.64702467499163 -2.881151357026379 -29.475888654463223 1
75.99587467020926 -2.2735907414040413 -28.252906309162483 1
75.91622946461968 -1.7823065248034342 -22.93129087073835 1
10.298988380245934 -7.71482673130304 -0.08504099267660492 1
34.29256880412808 -5.1622639383839815 -13.021897644774716 1
5.94847037984805 -0.6693107906908108 -8.136411786792259 1
8.019770057727872 -3.783397768303942 1.7974522259786962 1
15.213458884757465 -2.0503343413497968 0.04453656059538735 1
3.3644094803834044 -1.2736868163021193 0.042074732973140794 1
4.900084403606627 -2.8034304885481283 1.3468745725982834 1
2.117708954776905 -1.569152525214751 -0.55253416740359 1
5.9860028879153475 -3.35637513555917 -2.6870994691895467 1
6.593340334094428 1.6821622488553956 -3.229124381387516 1
0.8634589778036776 -1.046066869221776 -0.3684221020365974 1
36.126344655692925 -3.8272256963164386 -2.6166912927261143 1
8.924013116523842 -1.1471388908320668 -3.559885879496333 1
3.6908816616331634 -3.2387809709414213 2.594259568678925 1
70.62400285391672 -0.8728017988790526 -32.27445238367379 1
70.62400285391672 -0.8728017988790526 -32.27445238367379 1
70.62400285391672 -0.8728017988790526 -32.27445238367379 1
70.62400285391672 -0.8728017988790526 -32.27445238367379 1
71.84007734243573 -2.5888806036277745 -29.83990680253472 1
72.95548855515356 -2.3606762930877268 -30.828110369502415 1
72.93525617251176 -2.648440011394748 -29.76986818031353 1
73.31962960952553 -2.3816446391312085 -30.804339222172118 1
73.8794400672887 -3.4867499681479064 -29.396516861710055 1
73.8794400672887 -3.4867499681479064 -29.396516861710055 1
73.8702334837522 -1.6439665067449205 -29.93301902551744 1
74.23403402198818 -1.6626309256179694 -29.909461540137983 1
74.23403402198818 -1.6626309256179694 -29.909461540137983 1
74.23403402198818 -1.6626309256179694 -29.909461540137983 1
75.91752914816334 -2.539572619641939 -28.921718530774342 1
75.19260764729715 -2.506280301796504 -28.966441811528696 1
75.55523045227227 -2.5230335451172925 -28.944034431122766 1
76.64116026021927 -2.572022172124544 -28.877359056928054 1
75.84469765386211 -3.063172399971892 -27.955859800745664 1
75.84469765386211 -3.063172399971892 -27.955859800745664 1
76.3440756458858 -2.538467129354516 -27.17044083557909 1
76.3440756458858 -2.538467129354516 -27.17044083557909 1
76.3440756458858 -2.538467129354516 -27.17044083557909 1
76.3440756458858 -2.538467129354516 -27.17044083557909 1
76.3440756458858 -2.538467129354516 -27.17044083557909 1
77.3583092379762 -3.0887147996288 -26.14095454466472 1
50.14647102048717 -5.6369062601786535 -11.203738943281571 1
66.4918922561817 -4.8012783085682464 -9.26531047945327 1
13.385673795212558 -2.9792746344030063 -7.076323113217109 1
10.547902920538675 -2.0907429546961067 -9.287300590314368 1
25.88993134253395 -8.899502153512485 4.011823687427151 1
19.41189010927804 -4.609710420925422 0.6269223589898898 1
23.74561581094985 -3.4809539675622614 1.6222471619698475 1
11.174024152754168 -2.7394531845987 -0.9231522986450358 1
5.9432735056395884 -3.8086595865244184 -0.6318221245435462 1
3.1700849912210387 -3.8984793604901617 1.3914891824288733 1
7.370397599636256 -1.3639290987796926 -2.8812463698176694 1
8.860055827650214 -7.955279766877946 4.9316597780637235 1
6.127447623401011 -3.2130626028610276 1.5354063661638162 1
13.967868501748935 -3.725534859533308 1.7584538125303306 1
69.55598781790634 -0.849218622975989 -31.19833245312995 1
70.65794759208042 -0.9180276598121373 -31.122179068190505 1
70.74186843170867 -2.526880317211655 -29.91079640225438 1
71.47434647309395 -2.5684912970908025 -29.86344149275184 1
71.47434647309395 -2.5684912970908025 -29.86344149275184 1
71.47434647309395 -2.5684912970908025 -29.86344149275184 1
71.84007734243573 -2.5888806036277745 -29.83990680253472 1
72.93525617251176 -2.648440011394748 -29.76986818031353 1
72.93525617251176 -2.648440011394748 -29.76986818031353 1
72.93525617251176 -2.648440011394748 -29.76986818031353 1
72.93525617251176 -2.648440011394748 -29.76986818031353 1
72.93525617251176 -2.648440011394748 -29.76986818031353 1
74.46638360188874 -2.4721169618289185 -29.011533131923528 1
74.46638360188874 -2.4721169618289185 -29.011533131923528 1
74.68365749517467 -3.5410892748025113 -27.051072621430585 1
74.68365749517467 -3.5410892748025113 -27.051072621430585 1
75.0325213115946 -3.808573216661726 -25.9661817202947 1
68.57963879920979 -3.259739253410887 -23.901357481013342 1
76.55429225910285 -3.3451898559959115 -26.853652511021743 1
78.6496385883369 -3.929915375248061 -25.766885321113175 1
78.6496385883369 -3.929915375248061 -25.766885321113175 1
78.6496385883369 -3.929915375248061 -25.766885321113175 1
78.6496385883369 -3.929915375248061 -25.766885321113175 1
76.70610450953549 -2.5522159609061013 -27.149191063588397 1
76.84775355804668 -1.9942623481744026 -26.378729322923643 1
76.84775355804668 -1.9942623481744026 -26.378729322923643 1
76.99676887642832 -3.076447435666374 -26.16130798122136 1
76.71754430615273 -2.7737283565716364 -25.506543615922883 1
42.53887112068552 -5.593159967836464 -11.469774077975758 1
7.488917254282711 -6.477782900866785 3.514575496768235 1
12.042564123099456 -6.584577112419346 3.9666735938988005 1
9.571771760910813 -6.715350186090055 4.0359722970498835 1
6.868166210173676 -4.469560053901852 3.1951628014546154 1
14.57052275647925 -0.016461903885073292 -3.7671503576985343 1
9.827952400102607 -2.1430580973893916 0.05364891665277649 1
6.709477267738922 -0.45254170230557555 1.2312883547736353 1
2.5730016995279748 -0.5929117235773107 -1.6018215771672062 1
13.431444242547425 -1.0031706674837881 -2.622538608966163 1
53.57659516126306 1.3661210346112562 -10.55133108149089 1
0.922819458907302 -0.6289354103720945 -1.5036927408123457 1
69.7133115485485 -2.226665062394162 -29.313891439755956 1
69.26909285822751 -2.753148706050035 -28.358868178065144 1
69.61855313712047 -3.0534278234097822 -27.263804831998193 1
69.98668371299513 -3.070785547013233 -27.241382887146525 1
69.77025706151807 -2.25717455385388 -27.56897948214647 1
70.89094226259222 -2.0371915044379296 -28.57083306950483 1
71.45569173650522 -3.1378088040981966 -27.152648414128233 1
70.87363350185707 -2.3089271712556925 -27.50037296499872 1
72.3562521186042 -2.109234795449222 -28.47805663424876 1
71.8220738380028 -3.1539837547009952 -27.130700375937412 1
71.8220738380028 -3.1539837547009952 -27.130700375937412 1
72.48091995336452 -3.7129884146053227 -26.110741984675222 1
72.11291545515712 -1.8157842270488667 -26.659454878738575 1
72.4791804692289 -1.8306190937052436 -26.637276661780042 1
73.07914690322966 -2.6491879865669365 -25.71314324671652 1
73.44450976289772 -2.6624151141144137 -25.69206969631996 1
74.2694278842723 -4.0416778434977925 -25.52004737578435 1
72.11291545515712 -1.8157842270488667 -26.659454878738575 1
75.5590778925523 -3.2455243470631556 -24.595029327126316 1
75.78103022474907 -3.8212344719639746 -25.346497845940874 1
74.83176381012558 -3.2232687596666088 -24.634656979157988 1
75.99254102758687 -2.75014116950284 -25.547139940761454 1
75.10769442409462 -1.863317847317969 -24.73283116274745 1
75.47155471298878 -1.8745506915642252 -24.7124431391758 1
75.10769442409462 -1.863317847317969 -24.73283116274745 1
75.10769442409462 -1.863317847317969 -24.73283116274745 1
75.76532602440751 -2.384387442998126 -23.718373392861068 1
71.17465368461635 -3.10207241492505 -24.838177914413386 1
8.305634189118809 -7.604396545187172 1.4451117177075534 1
14.322954707965575 -3.7751794603352873 -2.7622177627984024 1
15.169334174392521 -4.617142999179452 -0.7817125391868407 1
32.07817240241482 -5.813926562001442 3.3897755709136557 1
27.16020358594298 -11.934426590774038 6.455083167436149 1
8.377655511151445 -4.324079499283442 -0.643610232075259 1
40.91899249250682 -4.625708503172871 -3.4973699168046712 1
49.87312456008489 -8.43621572818437 -1.5759615391879978 1
0.49108997000546495 -0.10590197576121341 -1.3194816897940442 1
3.785365324161976 -0.6125397753200118 -1.9246984394416022 1
53.57659516126306 1.3661210346112562 -10.55133108149089 1
2.3698704517815337 0.9435359845999108 -0.9603781977166048 1
46.096885694093395 -4.134292625010527 -22.22541973135519 1
47.67919920262611 -4.2424968123572215 -22.1307739244859 1
46.889088066490906 -4.189560127463188 -22.177876333966616 1
37.46020299393228 -11.112073937234873 -10.10000734422556 1
38.253875194483555 -8.472644807730607 -13.195903965335255 1
54.31612505846064 -10.826492787970544 -8.43852198873174 1
66.25346145970498 -8.534749397565433 -17.538890957266794 1
42.315011529999055 -5.553908119034667 -18.51669352914285 1
73.41074556268612 -6.926376299333237 -23.063448622331116 1
44.56874110217171 -4.581166748489185 -17.414725072886018 1
50.73954919357921 -5.023543468373526 -20.903281762806735 1
45.54681313794395 -8.010436551509292 -16.541726803044156 1
59.96430372702416 -3.189390072537046 -22.696559899531298 1
46.432012207260705 -2.5564866327638103 -21.680867918357016 1
45.96391429212345 -6.338739927316539 -13.470307555837223 1
76.65659191407605 -3.679965444389366 -21.81068554944927 1
72.40940132425395 -2.7952874256315097 -22.914831075907195 1
73.89373139646128 -3.008401061467436 -21.16573856822368 1
71.33200012057513 -7.209352809653458 -17.479963619897475 1
72.71343926179851 -2.635778035346703 -25.734311028258894 1
51.45712645516075 -8.97682809541067 -11.605201501265938 1
60.67871272651476 -6.191878935246975 -17.638831330005587 1
60.66836438929529 -6.426948630188223 -16.51805987806716 1
59.90807395200552 -6.415358033174446 -16.54942244236659 1
51.7295329411576 -3.9616404350236167 -21.106034491973592 1
40.00614105017348 -4.925751263593792 -17.83514835773642 1
51.30049681766968 -4.534361791116492 -18.847697723406355 1
79.77122355734807 -5.059933046801635 -17.567394675626623 1
14.590814078591475 -8.304782752582271 2.5907348219930237 1
22.925635046517705 -7.9175120577481275 2.351797933181632 1
17.224922069194683 -10.075475176103355 9.11626003989483 1
25.741595461598955 -12.89111089849085 8.980691145259435 1
36.51502522557972 -11.87511390546614 7.224012672422231 1
60.06185826249961 -5.534387234025218 -4.275210431680576 1
12.558108602797041 -13.092016816724394 10.712022299771872 1
33.240761997536474 -14.237295837279785 9.986724891038524 1
11.534441465113751 -6.535763723257274 2.4973865197036096 1
10.244861914408883 -5.460494138810209 2.106346927605612 1
3.46781892895568 -1.80627610527212 -4.302679587651887 1
3.8039090148920778 0.8158421425243367 -0.22842987491094036 1
53.51188649684113 -12.065638342302732 -0.9040562309692746 1
49.423930851191614 -9.506911572901789 -10.58777517637064 1
47.494230819319085 -9.439503976861552 -9.365711613870676 1
33.42345078220644 -7.842594204739456 -11.232361538121404 1
34.53242103403387 -2.7646180050017177 -19.55053816961898 1
50.62334060870394 -9.684983194251762 -8.758427220337083 1
52.52261578888155 -15.767349570266653 1.6609178473491637 1
43.86007938811487 -17.257729334898496 13.943005674186326 1
47.37404147971975 -14.486864037221657 6.520196438671366 1
25.58315565544985 -11.061641771725112 7.482836656418668 1
67.74363353109877 -8.155246254274939 -7.4164291402759375 1
26.2356723962776 -9.067926280639044 1.2096474565518878 1
37.75882195908799 -14.76741730936268 12.033940488508987 1
38.59013343527959 -14.892606868030262 13.810149403158167 1
37.29970502525446 -12.250543914364586 8.349523040526364 1
50.9436361100028 -13.222365336218678 -1.827037630217565 1
51.28854969670682 -15.994037453011478 0.4119407433419209 1
47.336742059947376 -17.79591512717077 13.513496564260219 1
53.95477657227343 -11.455438413663476 -3.1543179360524087 1
30.483468441667704 -12.425717552394854 4.783004482501452 1
56.704919718141966 -8.465236124818642 7.374380730708885 1
56.32506841292495 -0.5735265272274748 5.235328840087705 1
59.374311773442685 -9.44289923693481 -1.3587954871457475 1
50.29757989500003 -12.971213548070015 1.9425886900080735 1
43.87191346239983 -6.757007321346931 0.8955471550858185 1
68.23313805045052 -5.0415068719119045 1.7605737022572843 1
37.4968334232203 -7.701154477979949 -1.2489918691188096 1
26.562893238899612 -12.958995827945852 6.882846465849934 1
4.552087346291561 -4.639175904665699 3.037180710557641 1
16.14925484711584 -7.72840630332322 4.865106359362503 1
11.018069123113719 -10.446049141444869 9.181272945705333 1
13.967127137187585 -7.09727007388368 8.824705024300588 1
26.48855653977406 -11.027616625965742 8.773802529808005 1
34.082428461314294 -9.235283959589752 8.149155440541222 1
31.442199161167174 -12.718272686999239 13.1382779795437 1
34.76861795179972 -18.898640359832076 22.86772207127441 1
26.278676375325112 -12.631596484557168 12.327659740900376 1
4.004349901633407 0.4430419654304907 -2.177204710750419 1
17.224922069194683 -10.075475176103355 9.11626003989483 1
2.2520098258957084 -1.2183743825852356 1.7081376467943277 1
50.77003134483111 -9.792994650991593 15.039229657504238 1
52.051191275598654 -11.437916403279512 16.233341123069557 1
54.36534514555585 -11.418802687185703 14.89637304582625 1
52.15686534901975 -13.105437037975342 17.49779535855982 1
45.53877780080811 -14.344562605421773 12.81049750056158 1
59.28012629920542 -14.1538870085261 17.246245120792224 1
52.54897526928572 -13.090806455358205 17.472514920214934 1
33.004947692319234 -9.888508326507782 2.7635755914495075 1
56.2787872150131 -11.788667660366292 17.597053212956503 1
60.371098669003615 -12.525391473645842 18.822653807712932 1
60.367552198588356 -12.147211485152077 14.882690388372666 1
5.947418184454115 -6.5504225497792365 3.813850512076289 1
30.529770634884187 -12.611822042938508 8.691981370149115 1
19.509559058919457 -12.838675646033332 8.165822069035567 1
40.94824096505309 -12.855132696194232 11.719464510428457 1
37.18543486618204 -13.414471963146102 13.093656668400545 1
20.024105360164683 -9.087696012297947 2.831546878782354 1
29.53704890003832 -14.008426641609312 14.239772377628935 1
44.82411456176373 -7.964911561523069 -0.1320940419696326 1
69.36031199816358 -4.20152820797176 -4.347970712797267 1
57.18679433149045 -4.8404592139595914 -2.256856758715031 1
47.70756841319185 -8.345880458295095 6.528497203075445 1
57.487046860422154 -0.5730258592293591 5.214234772709614 1
53.21456461716953 -4.007186098594628 2.8973709260468494 1
75.23091067767552 -1.8129376705052214 3.931213104748754 1
79.6850164169321 -5.620099596613137 10.423655908771124 1
13.481533794752021 -6.4434180039471265 2.4370558444904935 1
22.27747703084696 -9.793602171821874 8.769439983790528 1
18.56255316487097 -16.832432997114843 15.369623118109244 1
9.667692078020824 23.770541345492862 6.258177542504067 1
19.16980045103572 20.623976089829632 14.119705214756017 1
46.270285620130586 9.133322183023761 6.584378415360703 1
23.074099286485996 10.714501055280905 32.11292138089726 1
38.896082808262456 -13.108965684088453 13.67112648286013 1
32.18172027534894 -13.451114870110414 14.145622134540115 1
32.17765324427243 -10.320364881440641 7.280074686971316 1
26.087369040728703 -14.120993563438072 15.840509828989656 1
24.249693493887804 -11.35729411915906 9.528351535784818 1
19.372738268415667 -11.431683212885874 14.000214604079291 1
16.13353372993741 -4.709398090369021 0.6562203196368688 1
49.99484536818065 -16.823179784059562 21.29933037945575 1
54.300626892097526 -16.632188220612854 20.968499174703137 1
57.98131563803523 -17.772898853085028 23.75888303489342 1
61.34723278334398 -20.20480882270126 23.892444557228586 1
58.14052202686469 -16.84316562889654 23.44420856717373 1
62.92872077173236 -17.56895473877851 23.38359757741111 1
59.72424442749602 -19.1154085631976 28.827976508518717 1
60.88661155215729 -16.54271140764296 25.55203626828364 1
52.24788553907277 -12.786080267128686 19.355725066306697 1
53.06509413591971 -10.44806089883965 18.831752613307096 1
49.24601499601043 -14.449794517851444 22.05047214724185 1
55.109252757631154 -14.575874940915112 24.377603436526186 1
51.668712057539324 -14.109220762626883 22.516339889807835 1
51.668712057539324 -14.109220762626883 22.516339889807835 1
49.24169582962678 -16.546754001926566 20.273682337277755 1
49.36949977764715 -15.670164427536658 18.742740683643312 1
52.36817254224317 -16.77898353568269 22.83667134956223 1
54.87597604559737 -15.261284434383459 17.824012156558624 1
57.86483887708788 -9.885713306431343 21.559090060902797 1
57.5091698298782 -14.255846417790929 26.52884183513329 1
62.34351360131174 -4.217933560264564 16.754942830610673 1
51.97065967089385 -8.55677026026086 25.33392958076538 1
52.86871292784076 -18.32317523242738 22.352073972662467 1
73.64556022954281 -4.318379091625357 5.3752917975912196 1
74.39020025531049 1.588599608295549 -0.0043206313237176275 1
67.66774619758223 -7.064574040623938 10.934006371579152 1
62.81958565219165 -11.147619114236951 14.470169854016435 1
4.526326463329845 -2.670503453426662 1.285624753427933 1
12.510120435834498 -3.7698397357164017 1.7843689081047998 1
49.32927943214865 7.192315710121577 -31.786816671727223 1
89.56997121207806 1.7583341116176876 -12.072538414569856 1
23.077204524301877 -7.110112593265966 2.58960919413338 1
11.403002046913453 -2.583134657102512 8.0944932448689 1
4.984677708249642 -4.313632799378145 0.9242983442104669 1
6.606680139767558 -5.5720047925756075 2.2098349554750705 1
3.537298462821603 -3.7250577707745034 0.7023627386094078 1
10.244861914408883 -5.460494138810209 2.106346927605612 1
22.8162694027667 -9.480759813782186 10.85666840608811 1
8.620530438862655 -3.4264980572251136 1.9897801537456294 1
22.13622278076295 -7.887217545056529 7.270904246514521 1
56.40883253003385 -18.13064761843902 24.937952724014544 1
59.16587474283189 -17.422990751875588 22.615964230538065 1
56.24852854731742 -19.498054437167454 30.16680772466225 1
56.893113611174016 -17.888181122301006 28.893330431458473 1
54.868542646790104 -18.356456915171737 27.281307871318106 1
55.539088354266994 -18.99934108475171 28.156340629202624 1
47.90725155874635 -20.700931044366545 31.219330170913405 1
47.90725155874635 -20.700931044366545 31.219330170913405 1
58.71222073785049 -18.036520360070195 24.751230944763925 1
54.35719487148229 -12.546834759482762 26.756401628540072 1
27.877850253938192 -14.089563000936806 19.424036342262983 1
24.99555731853109 -12.134933689555593 9.250350686330789 1
32.6788847732592 -13.460189882200934 19.107017053536314 1
59.66285719052806 -8.929624733601482 26.28549245579532 1
21.666894338839192 -13.92403451360938 13.104515065582056 1
50.211326573003674 -11.534966418187242 24.570915928070303 1
60.116902290582146 -10.879579522110273 30.664693544870005 1
56.353635833406926 -14.282952537399696 26.62504886218604 1
44.43485339254115 -15.203766829480575 28.60721308722056 1
51.13834643270907 -12.905802334568728 24.654433234771133 1
42.26261045980124 -11.128389919384778 23.074959324701062 1
68.82329203293743 0.3032138794710759 -3.964953440277208 1
74.33148412943838 -4.666950309516804 6.382062102054364 1
44.06650914843241 0.4146968688373276 -1.119358252435254 1
65.89848145586312 0.4157223733370907 -2.1979555102807247 1
76.14875172696964 -2.6944766447471458 4.182641016143496 1
24.667368667197152 -9.378159386692259 14.051343166447117 1
54.924618271114056 -8.737917527645855 17.472149357210796 1
51.380016550230266 4.880477206091138 -36.71252453235574 1
89.96873631574458 -2.577538982509786 -15.228533292270097 1
92.60691203307805 -7.4051696334154204 -11.279501998112028 1
54.7980336087827 -11.06389149556236 13.79331560403767 1
44.08848816710546 -3.4871874112178958 18.744360116010327 1
11.80165160302402 -8.420329946282987 7.875759471661247 1
13.284276372670337 -7.882880436228937 5.005345300167924 1
7.5480246832419695 -6.062429662277172 2.384144486382278 1
5.345377603598919 -2.5586878287114367 0.37607279975146457 1
12.326712036820197 -4.971056901244594 3.6816711865805596 1
6.292643801895121 -2.67339580414494 3.434994338306241 1
11.302419753132039 -4.875079515354513 0.7120620105342645 1
49.49988272130055 -13.88589501907922 32.9104892759532 1
49.487022277265424 -13.76667429525985 30.21251884177063 1
47.6577864201616 -10.701998340219065 29.04057488179348 1
39.969844574840586 -15.526813853316114 32.66293805791724 1
47.918796195917196 -13.88111548439891 33.04535430157962 1
41.34217262669706 -14.475137848657782 29.638593051439223 1
41.91711576459938 -20.85813441684173 31.723180812578576 1
48.84980327106548 -19.731295169369943 30.835759296150144 1
45.783776893173815 -19.304072852998317 32.84475074906463 1
46.229866351971566 -18.66294999131199 28.056118778526073 1
44.54395671377038 -18.867385530168757 23.601800342106515 1
46.942439179928435 -18.754077982098437 23.38824594218235 1
26.024702219980767 -13.868992679780368 9.36030430369813 1
24.547816212974702 -15.17304257783203 11.81654559883275 1
28.26941020209749 -19.298932347424635 13.640604238150367 1
28.311231826732502 -18.893789302385834 12.444607135320663 1
24.920249593484698 -15.223403210671005 8.425579100799752 1
20.763778868337823 -13.977636335375909 13.188223068130721 1
43.76986857849525 -4.471570044955686 -4.695758347862711 1
39.81602268592247 2.2222421028585124 -18.039890441049632 1
38.917379178314775 0.10086898410982537 -18.858380464747583 1
42.7714917205734 -4.370249438162527 -11.704280772316334 1
33.831969493153736 -0.22342830224836296 -18.100647852697005 1
37.77372490001329 -1.9499247155023436 -15.718073817223456 1
36.2486799148673 -1.7647433945176538 -12.464406158182106 1
37.50125445114864 -1.790908984110079 -12.402814191017896 1
40.24062635704235 -0.7664245763814859 -11.258867317156085 1
55.531085468902404 -2.982339816766655 -5.887160485379739 1
19.936304366627574 9.635950812862198 -29.80728837408819 1
20.89186226900013 13.720663696495022 -38.75504402759956 1
46.142744788353866 15.510817272429811 -39.13761255403389 1
16.66648828858203 -9.340717265434506 -1.454230989853622 1
24.250996408043946 -11.136673970940759 7.556411464397073 1
21.60163855602545 -8.344991241239136 7.170570224938055 1
17.158496542170575 -7.8120083311584985 9.760486256923972 1
24.81177908404854 -5.5866578738187345 7.81280876636592 1
24.925880383186374 -7.494076398234545 9.252629206838492 1
36.13831042290031 -10.241277243463493 15.989519300218614 1
38.718777656407724 -10.206525688226026 21.290457987701096 1
42.765530155218244 -8.758167659678017 27.22193965885451 1
46.402144447936756 -8.478433791866802 23.511637084814918 1
51.96982063515392 -10.943862113328983 29.702953627608252 1
53.92120818174675 -10.944907754863898 29.52834076290166 1
53.1422049519915 -10.944919169211031 29.59788271560494 1
47.28413911064138 -12.79614501235493 30.136072458723206 1
51.235763558828 -12.779847066575755 29.782533044756487 1
55.134070936995855 -12.7497493990672 29.43542601245731 1
40.003171440656814 -12.698778953280254 28.021607869994426 1
56.53723131144166 -13.440438734636906 28.544035273782686 1
52.26618526788495 -13.499955436859445 28.918919694278344 1
51.09058868403352 -13.51432607249925 29.023599058559 1
39.29797251017517 -16.922972667959808 30.251310315052336 1
49.37338395133226 -23.59524299119825 29.232367611508447 1
45.44825241464791 -20.86802044590336 26.427086353686967 1
42.747555033173846 -20.61782088691702 30.643962741805865 1
65.27063651419621 -8.832185341888954 20.791939360892453 1
73.48300985666903 -6.1152150689327005 14.424070416353318 1
69.47917517502852 0.8740135968262619 2.0539883837017214 1
72.07537233074882 0.8666426232591395 2.038506845991672 1
72.07537233074882 0.8666426232591395 2.038506845991672 1
72.44847868728333 0.6876873293698016 3.6968105239414406 1
68.36465041978303 0.6991721244727356 3.7415061236672154 1
70.44119585846161 -0.20131917114074582 5.132796617983693 1
73.23687819821188 1.0413639147378029 2.668688000415287 1
76.66647776553978 -0.2111809650595653 3.906708419180571 1
75.57034145832164 -0.21115007040556355 3.918432416108808 1
75.57034145832164 -0.21115007040556355 3.918432416108808 1
72.91907877459714 0.024422559442127678 -1.1370257521722937 1
21.118507706368902 6.5730305385297 7.501767006654014 1
3.265209958341348 0.0694507792266541 -2.69123727114442 1
3.1038575344882666 -0.9161457172332244 -0.8126630638668308 1
57.63930479797446 -6.384155075703502 13.946154367640794 1
46.99161985025209 -11.27150130789223 18.455136726341216 1
34.98796909208949 -17.503673034580974 22.611297144738707 1
31.319323061739716 -13.35926467995166 12.325207062487763 1
40.54287711320695 -10.52210235657397 11.191988490660487 1
44.373826422781136 -9.98123143428642 15.422998207702165 1
34.334645177539755 -10.832844321557733 14.708890828393006 1
21.452486365392026 -6.790524287383581 8.338440500654254 1
21.30698906938666 -5.3226187963446305 10.180272460905993 1
46.46174657941499 -10.696696343347522 29.148182017174452 1
50.163710379515564 -9.915970921105355 27.358371268544644 1
55.08590947092483 -10.943901434188607 29.424872868579154 1
43.219712736143975 -10.882991801109048 30.48138425430942 1
51.18559905701048 -10.942387445923686 29.7734448165465 1
57.7863029335295 -10.93746406496593 29.187845685725577 1
56.66322711368031 -10.69484860066 28.241974385595793 1
54.62034506387481 -8.971464254108053 24.981236613423462 1
51.92374335371585 -12.888454883548949 24.589071105206894 1
48.34373275622771 -19.915554551377777 24.663768592507772 1
49.77761037401318 -23.275709365482513 26.47492832354146 1
45.63277568696941 -24.769306633115303 27.113609191161203 1
45.97040161657163 -22.556441048797087 26.503631291205775 1
56.0398807608847 -7.45825210857487 22.470464545207513 1
76.87034725662402 -1.9643460475498031 12.8885500336829 1
71.11350487407168 3.2155957094801013 2.3113547150575675 1
69.8076280119111 2.322176857368241 2.57148738815538 1
72.56118292162184 1.0614073346568165 4.976385630878144 1
72.56118292162184 1.0614073346568165 4.976385630878144 1
72.98005310693922 1.4084500928881472 3.948745893992389 1
68.73791800436973 0.6980844932015229 3.7373064339879747 1
67.99097016604276 0.7002689840157617 3.7457344590105857 1
71.133329518606 -0.5505436179882306 6.14989819852767 1
75.80571770395416 1.0327718451385026 2.6495151471341183 1
76.35191801361317 0.14349398621360532 2.899109132127564 1
74.47091799627705 -0.21110737521501388 3.930372172018104 1
74.47091799627705 -0.21110737521501388 3.930372172018104 1
75.4654710927642 1.212369973110916 2.145561037513355 1
78.10897471245418 3.3243133258016866 1.7609818599712668 1
8.687065515891337 2.914836610257543 11.011887322854703 1
79.54461175928373 -0.02034081111274011 1.1259982921750344 1
79.54461175928373 -0.02034081111274011 1.1259982921750344 1
74.1132989449124 3.725130337595417 -0.37980557522536706 1
73.34900122875806 -0.5503684703327405 6.110890437897187 1
69.09299751212701 -2.2758824505416664 14.214913636482308 1
50.700886728433375 -13.054051550658086 23.494508229086087 1
30.895896579940178 -20.070946191776766 29.977848591788568 1
44.032871701381936 -22.505498754053054 29.509085782489098 1
41.62163922396316 -22.592576641291412 29.724781514977717 1
35.36186070698186 -20.507989985430296 24.15245638152862 1
48.529630111221294 -12.580100703269038 31.19034430290434 1
55.24711777921952 -9.904873300805361 26.916730330487958 1
53.89229562337847 -8.811090599932514 26.236424999193066 1
40.043437025271174 -9.955971658939578 24.213169288188375 1
54.769951361696556 -9.93713288271264 21.782256077954145 1
46.728965847054525 -15.634597251149518 26.573204192526102 1
49.10356564347714 -22.680663021246772 27.264866826456146 1
48.4313174680632 -16.942494219752913 23.161870278242482 1
45.72240874107641 -16.78736060347824 25.78031206521427 1
51.0403027989031 -15.651876124323616 25.010645229562023 1
62.82852439383112 -9.80165048719911 21.220613695767042 1
64.89431237956873 -8.837476811994872 20.815695286904102 1
64.89431237956873 -8.837476811994872 20.815695286904102 1
72.24289997593866 -0.550470162923089 6.130207888320394 1
69.5346296530933 1.0543966401829197 2.6976103636804805 1
70.649434482243 1.0503874135993074 2.688733764394513 1
71.33946039378978 0.6907184579582615 3.708681860144436 1
72.81737921681848 0.6866928674530426 3.692903991317764 1
72.07919365404646 0.6886896744382476 3.7007421482402325 1
69.48322599361279 0.6959363778905603 3.7289915885810654 1
68.73791800436973 0.6980844932015229 3.7373064339879747 1
69.48322599361279 0.6959363778905603 3.7289915885810654 1
71.18280633788578 -0.2017406870739591 5.121702968617781 1
76.19680027843832 1.2096898825140756 2.1412218466636324 1
76.19680027843832 1.2096898825140756 2.1412218466636324 1
75.25480962786744 0.14435166719628523 2.9078311059022255 1
75.25480962786744 0.14435166719628523 2.9078311059022255 1
73.18216898029515 0.863591972856792 2.0320844188499887 1
74.26358819161545 2.8474704831695785 -1.2716787101706428 1
65.7359746480711 4.370354271540478 1.580468784024558 1
66.83842974726578 7.911188765793719 13.408131456491024 1
73.73355228317993 0.37310192696643485 -1.0113594638595291 1
72.127645469566 1.230710917986766 1.0165323123209058 1
73.2342956314007 1.2266909639548351 1.0133232475614262 1
73.65519368594745 1.5919006155821758 -0.004311678891277815 1
75.50054517789407 1.0489074970485013 4.934923208521602 1
67.46694016556847 -0.7752827280982366 10.773609861346301 1
55.605516122033535 -7.592567975565401 21.30055697827993 1
37.85687430889042 -18.153509163424953 29.519821254265754 1
42.106701594008626 -22.213011789920078 31.907717100861255 1
43.07567056918107 -11.1149784503016 23.00466732425145 1
36.97662134489031 -15.859820804947272 27.43732331430524 1
46.44307188240967 -14.691254241828599 22.82410601048168 1
43.29319131541582 -24.759040700808004 30.12675324826375 1
45.244129732775974 -22.535236935730506 31.55128515202208 1
40.35639884037421 -20.14417083744352 26.577026744177836 1
52.69944481369943 -12.716438968974398 22.260805282212193 1
58.35433997595372 -7.447031983332519 22.30036721924227 1
65.8116851875711 -5.831599571630042 17.748425072111228 1
75.27456061346845 -0.7444934783438772 11.678096374849002 1
70.29053808535275 2.241913477657176 7.736826747518166 1
72.13029913041348 1.0451760367887197 2.6771679690568595 1
68.04254859068726 1.0598832470252728 2.709727779097859 1
69.11077563481487 0.6970059551151819 3.733135037648183 1
70.2782329510887 1.0517140208369802 2.691672980498172 1
71.76066919475898 1.0464648701267731 2.6800312112588376 1
71.70952170340925 0.6897000130927089 3.704699160011593 1
70.59815978902742 0.692780128114856 3.716725555204259 1
69.11077563481487 0.6970059551151819 3.733135037648183 1
68.73791800436973 0.6980844932015229 3.7373064339879747 1
68.73791800436973 0.6980844932015229 3.7373064339879747 1
68.73791800436973 0.6980844932015229 3.7373064339879747 1
70.44119585846161 -0.20131917114074582 5.132796617983693 1
74.36572779280853 1.2164563756699165 2.152171489575383 1
75.98657882699163 0.14377742620658163 2.901998849702636 1
74.15439582146549 0.14523197458010673 2.9167145208095047 1
74.5215713934427 0.1449359631495728 2.913735108307436 1
74.5215713934427 0.1449359631495728 2.913735108307436 1
15.746550527946816 9.783187925117371 3.235285339697036 1
71.85085152095948 0.6943264343337585 -4.946902195160674 1
77.33020698213087 4.433060971306801 4.438299446164762 1
81.89970763906959 2.413914719402721 1.986692691661207 1
72.86579524665319 1.2280223261407763 1.0143859940731526 1
72.127645469566 1.230710917986766 1.0165323123209058 1
71.25954030185072 2.5002399436379052 -0.2597024532176695 1
72.2592536770702 0.37472983545500105 -1.0156214197141855 1
73.28712576169869 1.5935664890807666 -0.004306792179908925 1
74.24174294298182 2.2899445047472877 2.537839600184788 1
65.47753250421593 0.6522004071077836 9.015294437967114 1
50.70638107654342 -8.985376078799955 25.308024069240076 1
40.77169147054077 -19.652184706556053 21.439051596368376 1
52.533531058520936 -20.83710942046141 28.513272476568496 1
44.89062595316051 -17.075630137763643 26.924394762554748 1
48.361670283831 -17.96091090819457 30.8067517792311 1
61.61154459083194 -8.372558788396933 22.33584997777851 1
56.42685977264648 -7.4565122422942665 22.441648863747552 1
71.91598170909577 0.8734294733894754 10.64788094553457 1
76.230946534233 0.20888791189282996 12.548158952269016 1
72.81737921681848 0.6866928674530426 3.692903991317764 1
69.11077563481487 0.6970059551151819 3.733135037648183 1
68.78940864025168 1.0571193498850606 2.7036279633348093 1
68.78940864025168 1.0571193498850606 2.7036279633348093 1
67.66849712228941 1.0612809955799496 2.712809162837493 1
71.39065009202741 1.0477629628784513 2.682913108603291 1
71.76066919475898 1.0464648701267731 2.6800312112588376 1
71.76066919475898 1.0464648701267731 2.6800312112588376 1
71.76066919475898 1.0464648701267731 2.6800312112588376 1
68.85233337285797 1.078223107158438 5.031318136915552 1
68.42942726894219 0.7327133275580877 6.073806043308849 1
67.73183190170354 1.083553034861351 5.048529075200414 1
68.29725708065179 0.01776442771983522 6.981401778685425 1
69.96915875689402 1.0730293054850848 5.014454272488433 1
70.40432905364594 3.2349436224778927 3.4780112417623466 1
72.49954233921193 1.04389634392682 2.674323162856429 1
73.18589762892732 0.6857061803897668 3.6890222595511 1
73.99840459637622 1.2178366093746895 2.154402706133429 1
73.18216898029515 0.863591972856792 2.0320844188499887 1
71.70566875687044 0.8676735853525575 2.0406753206610784 1
14.382746698649896 11.432303086691743 6.329501671126131 1
15.21591190722829 1.127419516764816 -6.3476902492008325 1
84.60801120485175 0.36205080480467 -0.982367555715391 1
73.05061596608077 0.1461359266397566 2.9257649155294274 1
73.60241617270881 1.2253680895408792 1.0122673348774036 1
72.86579524665319 1.2280223261407763 1.0143859940731526 1
71.7579912704723 1.2320683541174882 1.0176160494281383 1
69.05149630075098 0.8988753457240817 -0.25915964604876773 1
69.79622687347975 0.8968932983953182 -0.25857361583023764 1
70.53934503392183 0.8949367582105627 -0.2579946384838827 1
71.60265182023403 2.514965807600966 -1.40886729681855 1
65.86553186054431 0.9463884264807598 6.778211548810331 1
43.319137228744246 -11.972761121983144 22.72903073649587 1
49.311524724901844 -16.78325002085351 27.701182297245886 1
53.647138514582025 -5.66021407465861 20.90585407149951 1
70.39448859658806 -1.5890215968856758 16.107230457384137 1
76.41625114539622 -0.426958476552719 10.626136309651724 1
71.65215494634634 1.8229333687809768 6.410534937180912 1
70.0004644838331 3.2269021609259707 2.319388947775547 1
69.16222268166436 1.0557529161677182 2.700609013147681 1
66.8674257398348 0.7036163261804895 3.75859495930404 1
67.99097016604276 0.7002689840157617 3.7457344590105857 1
68.78940864025168 1.0571193498850606 2.7036279633348093 1
69.16222268166436 1.0557529161677182 2.700609013147681 1
70.2782329510887 1.0517140208369802 2.691672980498172 1
70.649434482243 1.0503874135993074 2.688733764394513 1
70.649434482243 1.0503874135993074 2.688733764394513 1
70.2782329510887 1.0517140208369802 2.691672980498172 1
68.88382416724401 3.2384473151748083 2.3275945919090546 1
65.76901472410087 -0.09229868274446273 -2.965742407197225 1
68.81543775689559 1.2381839000850103 2.1872023094705817 1
68.49868720724665 -0.5671019443270198 5.033296988667235 1
69.34621792348568 0.1493342870542147 2.957215862381113 1
65.70983683495693 1.3218093357609817 -2.465756958680232 1
69.37924804889967 -0.833797709568096 -2.0308614688629323 1
71.57643352356932 2.130597596892103 0.7629009796937813 1
48.169661490113995 3.00211692053326 -4.546354620357396 1
61.292806538866955 -0.39778720161642855 2.2424031551503854 1
72.07537233074882 0.8666426232591395 2.038506845991672 1
64.60427951873568 0.8887415211295546 2.084763489263075 1
74.86307076861246 -1.625514985487131 2.2907266579070384 1
11.950451238442934 -1.8908378398003607 3.928443402540549 1
55.101667262690995 -3.8673172392393873 -0.720551856310303 1
71.78389908227682 -0.5698540100703697 2.683811738331432 1
72.4969126559142 1.2293622767030055 1.015455655000963 1
71.38794761351498 1.233434691041646 1.0187069511695457 1
71.7579912704723 1.2320683541174882 1.0176160494281383 1
71.7579912704723 1.2320683541174882 1.0176160494281383 1
69.05149630075098 0.8988753457240817 -0.25915964604876773 1
68.67851974878637 0.8998761274783273 -0.25945535747677884 1
69.61016583003699 -0.001811789978212186 0.0034343116954715924 1
69.45864437704188 3.1010455600850584 -2.956815807638691 1
57.517582500884174 -3.5665427832307084 17.833521038157983 1
57.5255249679423 -3.735228955792591 20.112050973927744 1
73.42632529883534 -0.626332744610103 10.073733889646386 1
72.02175078794947 1.8201202750934842 6.403523814127587 1
69.11077563481487 0.6970059551151819 3.733135037648183 1
69.48322599361279 0.6959363778905603 3.7289915885810654 1
67.99097016604276 0.7002689840157617 3.7457344590105857 1
66.4920669885781 0.7047515076103461 3.7629415310229897 1
67.29402766225058 1.062689472272782 2.7159118838470553 1
68.41618484778593 1.058496079781146 2.7066674664051327 1
69.71844215419583 0.14900082110064217 2.953977687968856 1
70.09026303559814 0.1486705109882691 2.950760859093582 1
70.2782329510887 1.0517140208369802 2.691672980498172 1
69.16222268166436 1.0557529161677182 2.700609013147681 1
68.73791800436973 0.6980844932015229 3.7373064339879747 1
66.4920669885781 0.7047515076103461 3.7629415310229897 1
65.74006630557298 0.7070518673504278 3.7717265872282635 1
69.42591675436078 -0.9004307285257473 0.2685615772506367 1
38.28629969478999 -3.7757248733400472 -14.32439170262797 1
37.69517470633161 -3.2311113827516724 -10.252306263392741 1
63.61685991629959 -2.7225478207906773 -6.263559372744654 1
51.789912594081045 -1.3651303360834866 2.5966195775060763 1
42.86643698195254 -3.3262813179919526 -15.197352811901709 1
30.43102672365812 -1.645363592894744 -8.703090702668248 1
70.89612494546232 -3.2700647066661315 -9.232739177059335 1
37.50789553590159 -3.722273047076313 -13.042857659834972 1
37.75489882918721 -0.7273004711827458 -11.371739756739096 1
61.846523108095184 -0.8502625675432807 -2.0776182165051837 1
67.9612379096965 1.3124824886703856 -2.4490524185882157 1
68.57626338918533 -1.8449062722472043 4.00655604023783 1
74.02163905692883 -0.38561675523218764 2.158689239335976 1
71.78651251337766 1.226315959112767 2.1680926353727203 1
71.94340736431796 0.14706460540098165 2.934988109237202 1
71.38794761351498 1.233434691041646 1.0187069511695457 1
71.7579912704723 1.2320683541174882 1.0176160494281383 1
69.90382849851704 1.2389912317291585 1.0231439541085408 1
69.21279703722583 1.6126051735873004 -0.004233296606281911 1
68.09321276505732 1.6180386075261843 -0.00420633807236559 1
68.04126756367549 1.6656402254850988 -2.322220529432628 1
66.16663407856903 1.6752815815271327 -2.335342891072023 1
66.16663407856903 1.6752815815271327 -2.335342891072023 1
67.17605716576004 2.0030812987548163 4.803664648655537 1
68.78940864025168 1.0571193498850606 2.7036279633348093 1
66.5438234738714 1.0655392121587948 2.7221824272585016 1
67.35750186189027 1.085361001304408 5.054345452701381 1
66.11628148472036 0.7058966368935216 3.7673186092762823 1
66.4920669885781 0.7047515076103461 3.7629415310229897 1
66.4920669885781 0.7047515076103461 3.7629415310229897 1
68.04254859068726 1.0598832470252728 2.709727779097859 1
68.78940864025168 1.0571193498850606 2.7036279633348093 1
70.46168317410957 0.14834330732266254 2.9475651202950814 1
70.09026303559814 0.1486705109882691 2.950760859093582 1
69.90663220366011 1.0530503861397311 2.6946317672397413 1
69.16222268166436 1.0557529161677182 2.700609013147681 1
67.24236062499853 0.7024909425324966 3.7542785081772223 1
66.8674257398348 0.7036163261804895 3.75859495930404 1
66.93280379123041 0.7390727679364439 6.101750265258876 1
65.30757652146795 1.8746141318194964 6.537297928338415 1
66.61700727905145 0.942239798797817 6.762257632861002 1
67.34330957716072 -0.3917752726267931 2.200592648010491 1
69.54756752280014 0.7281032758093553 6.053342902775194 1
69.17526083435352 0.7296252459285113 6.060117965460843 1
70.48187687627508 1.6330380311863624 5.784954147287458 1
68.21562673500661 3.1414390693222938 6.365603692210264 1
72.57478283150202 -0.0018745309310341796 0.0035532393805493 1
65.7888037043129 1.2550759791080113 1.0359927858158091 1
71.49197630491706 -0.020151723517269904 1.1507545178460976 1
37.46709578699658 0.4276820031584305 -1.1526067455249533 1
72.15261681394533 -0.374615793096722 1.0238927631430972 1
68.43831859007751 -0.37845922787510533 1.0348080274450666 1
70.69855101897245 -0.38862204072387385 2.1790291575878973 1
70.67534658025734 1.2306882687727616 2.1751399170585106 1
71.57356473923764 0.14737985664181608 2.9381019554398202 1
70.27545501453801 1.2375881942482403 1.022023515145709 1
70.27545501453801 1.2375881942482403 1.022023515145709 1
69.15936648276909 1.2418258025536089 1.0254077618476742 1
68.09321276505732 1.6180386075261843 -0.00420633807236559 1
68.46681905635232 1.6162153760942433 -0.0042156818551353226 1
67.29268080148044 1.6694571712778106 -2.3274170070270106 1
64.28125055917725 1.6852643915026833 -2.3489173002839925 1
66.56999711744476 1.2475442383636515 2.2022310905604803 1
66.19428119355526 1.249145180674538 2.2047976492415744 1
65.41531074097858 1.0698981269250396 2.7317552165483816 1
65.03827298025735 1.0713742259667036 2.734991835640632 1
64.66079677007504 1.072862167730837 2.738251800124436 1
65.41531074097858 1.0698981269250396 2.7317552165483816 1
66.5438234738714 1.0655392121587948 2.7221824272585016 1
68.04254859068726 1.0598832470252728 2.709727779097859 1
68.78940864025168 1.0571193498850606 2.7036279633348093 1
69.5346296530933 1.0543966401829197 2.6976103636804805 1
69.5346296530933 1.0543966401829197 2.6976103636804805 1
68.04254859068726 1.0598832470252728 2.709727779097859 1
69.16222268166436 1.0557529161677182 2.700609013147681 1
67.66849712228941 1.0612809955799496 2.712809162837493 1
66.5438234738714 1.0655392121587948 2.7221824272585016 1
66.91913739595014 1.0641088268711907 2.719036213263637 1
66.91913739595014 1.0641088268711907 2.719036213263637 1
65.72491676404626 2.3666612658130304 3.781699677642547 1
66.85209148519317 2.357036659987599 3.7681337759743805 1
67.226966703144 2.3538782926539326 3.763676330685195 1
66.5438234738714 1.0655392121587948 2.7221824272585016 1
69.5346296530933 1.0543966401829197 2.6976103636804805 1
70.46168317410957 0.14834330732266254 2.9475651202950814 1
69.90382849851704 1.2389912317291585 1.0231439541085408 1
70.46168317410957 0.14834330732266254 2.9475651202950814 1
69.15936648276909 1.2418258025536089 1.0254077618476742 1
67.98677917738256 0.8783943358734447 2.063164640802384 1
71.70566875687044 0.8676735853525575 2.0406753206610784 1
68.51806148349391 -0.02006541073401591 1.1606414151734468 1
68.78652570485413 1.2432575736343043 1.0265513209100297 1
68.03961117367733 1.2461506978470038 1.0288622381747103 1
69.15936648276909 1.2418258025536089 1.0254077618476742 1
69.15936648276909 1.2418258025536089 1.0254077618476742 1
69.53179986237075 1.2404037285650427 1.0242720049124632 1
69.21279703722583 1.6126051735873004 -0.004233296606281911 1
69.21279703722583 1.6126051735873004 -0.004233296606281911 1
69.9571468224467 1.609042346921441 -0.0042495268983477885 1
68.09321276505732 1.6180386075261843 -0.00420633807236559 1
66.11092570728813 1.289069103074636 -1.2991688297879778 1
63.0884007146371 1.3013508016677666 -1.3114586680407436 1
61.6513289679626 1.2693515818194556 2.2370917750086816 1
63.55208023799804 1.2607004920739406 2.223288369111631 1
64.2828790377221 1.0743621248589519 2.741535419099028 1
64.66079677007504 1.072862167730837 2.738251800124436 1
65.41531074097858 1.0698981269250396 2.7317552165483816 1
66.5438234738714 1.0655392121587948 2.7221824272585016 1
67.66849712228941 1.0612809955799496 2.712809162837493 1
70.649434482243 1.0503874135993074 2.688733764394513 1
69.16222268166436 1.0557529161677182 2.700609013147681 1
69.5346296530933 1.0543966401829197 2.6976103636804805 1
67.66849712228941 1.0612809955799496 2.712809162837493 1
68.04254859068726 1.0598832470252728 2.709727779097859 1
67.66849712228941 1.0612809955799496 2.712809162837493 1
65.79191308602454 1.068433701497451 2.728541639580717 1
66.5438234738714 1.0655392121587948 2.7221824272585016 1
67.66849712228941 1.0612809955799496 2.712809162837493 1
66.10106940141817 2.363427794427886 3.777145024740358 1
67.226966703144 2.3538782926539326 3.763676330685195 1
67.226966703144 2.3538782926539326 3.763676330685195 1
67.226966703144 2.3538782926539326 3.763676330685195 1
68.78940864025168 1.0571193498850606 2.7036279633348093 1
67.66849712228941 1.0612809955799496 2.712809162837493 1
69.66725891342197 -0.21076537613751167 3.9847917062650007 1
68.41327484168623 1.2446991639395444 1.0277027798420324 1
70.46168317410957 0.14834330732266254 2.9475651202950814 1
69.90382849851704 1.2389912317291585 1.0231439541085408 1
69.10669041833066 0.8750968715118823 2.0562592364491428 1
69.8512548933443 0.8729380890581395 2.0517326911900113 1
68.23016269991196 2.1522556897316525 0.7708680415258629 1
68.97660653784453 2.147329165558043 0.769052941365711 1
68.97660653784453 2.147329165558043 0.769052941365711 1
67.29103437804983 1.249084105536702 1.031205560368198 1
69.53179986237075 1.2404037285650427 1.0242720049124632 1
68.03961117367733 1.2461506978470038 1.0288622381747103 1
69.58517412491423 1.6108179098416886 -0.004241581445252329 1
68.09321276505732 1.6180386075261843 -0.00420633807236559 1
68.09321276505732 1.6180386075261843 -0.00420633807236559 1
67.34475183766327 1.6217220822652978 -0.004186541725559323 1
64.60320446396678 1.2951235957414653 -1.3052287683564368 1
59.269036639739284 1.317737236760097 -1.3278379382053451 1
