71.83966881 -0.427454840344 -21.5644401042 1
67.0522533846 -2.63138726655 -28.5001019141 1
67.9270439736 -2.44325106436 -26.0183651115 1
68.2973992353 -2.45935709022 -25.9959124618 1
67.7164007243 -3.22314757141 -27.468457081 1
67.2636639776 -1.26294273297 -30.3743624472 1
67.8068845249 -5.13451506072 -24.5733345934 1
66.5469504373 -3.72801321011 -25.9626252487 1
67.4022534793 -2.94387871284 -27.400380653 1
66.303532363 -0.400737655473 -30.7594435999 1
66.2891903113 -2.88541158403 -27.4700071557 1
65.9174290605 -2.86534088248 -27.4934178936 1
65.4243124759 -1.16807291601 -29.9198459717 1
65.4243124759 -1.16807291601 -29.9198459717 1
65.5452945844 -2.8449701351 -27.5169304696 1
65.5452945844 -2.8449701351 -27.5169304696 1
65.1727849887 -2.8242936149 -27.54054541 1
64.7998983671 -2.80330545829 -27.5642632374 1
64.6791554697 -1.11870678883 -29.971553259 1
63.9324945442 -1.0679231467 -30.0237125197 1
63.9324945442 -1.0679231467 -30.0237125197 1
63.9324945442 -1.0679231467 -30.0237125197 1
63.6789571111 -2.73841040208 -27.6360391959 1
63.6789571111 -2.73841040208 -27.6360391959 1
62.9297423433 -2.69347483855 -27.684413626 1
63.3045430922 -2.71611419255 -27.6601736994 1
62.8096506089 -0.988970936267 -30.1028084467 1
62.8096506089 -0.988970936267 -30.1028084467 1
62.8096506089 -0.988970936267 -30.1028084467 1
62.4346010686 -0.961884581485 -30.1294044345 1
70.3356445112 -1.46794794039 -26.6757140904 1
69.1657219198 -2.18167346671 -24.0843524443 1
68.7251359529 -3.31447653195 -19.2308283292 1
67.9812259962 -3.43352299337 -29.2762468879 1
71.9014832162 -0.837921128664 -17.0624721653 1
70.6260188021 0.433262298039 -19.0126323632 1
69.5147053438 0.456166908798 -19.0674768412 1
67.6284572585 0.282414695866 -29.2274512761 1
68.7693985004 -3.8278516278 -25.8320633257 1
67.7725405366 -2.96280389832 -27.377371935 1
67.4022534793 -2.94387871284 -27.400380653 1
67.4022534793 -2.94387871284 -27.400380653 1
66.9558518794 -3.47253427776 -26.4354604404 1
66.9558518794 -3.47253427776 -26.4354604404 1
66.6605802195 -2.9051878339 -27.4466977257 1
66.6605802195 -2.9051878339 -27.4466977257 1
67.4022534793 -2.94387871284 -27.400380653 1
66.6605802195 -2.9051878339 -27.4466977257 1
66.2130254703 -3.43623413061 -26.4803691426 1
65.5452945844 -2.8449701351 -27.5169304696 1
65.8410528499 -3.41766669636 -26.502970602 1
65.4687047298 -3.39881387953 -26.5256708314 1
65.1727849887 -2.8242936149 -27.54054541 1
65.1727849887 -2.8242936149 -27.54054541 1
64.4266328019 -2.78199966115 -27.5880844697 1
64.4266328019 -2.78199966115 -27.5880844697 1
64.4266328019 -2.78199966115 -27.5880844697 1
64.7228742466 -3.36022989591 -26.5713696737 1
64.0529863635 -2.76037007485 -27.61200962 1
64.3493879803 -3.34048729173 -26.594369314 1
69.4877938491 -2.22595256833 -25.2449602161 1
80.5625516005 0.286265657714 -3.83973190605 1
88.8362070548 -3.61639600854 2.60417078254 1
82.9724681202 1.25758214269 -2.35019288549 1
82.3638902542 0.283997119664 -3.8221697409 1
79.3923754684 0.259425146769 -6.69251008372 1
79.5327936286 0.67325393827 -4.84554709542 1
79.0300708137 0.26030352881 -6.69872873759 1
77.5761755882 -1.00970426827 -10.0162899013 1
70.2987650572 -1.73072113651 -26.1848263896 1
68.7693985004 -3.8278516278 -25.8320633257 1
68.7693985004 -3.8278516278 -25.8320633257 1
68.7693985004 -3.8278516278 -25.8320633257 1
68.3999050158 -3.81183634793 -25.8535881777 1
68.437082335 -3.54193882445 -26.346805105 1
68.437082335 -3.54193882445 -26.346805105 1
68.1424636629 -2.98145575167 -27.3544623752 1
68.1424636629 -2.98145575167 -27.3544623752 1
67.7725405366 -2.96280389832 -27.377371935 1
66.8323034326 -1.81762015487 -28.834377852 1
67.289237205 -3.76231071969 -25.9187257479 1
66.918279239 -3.74529325128 -25.9406277025 1
66.9558518794 -3.47253427776 -26.4354604404 1
66.5846245109 -3.4545215703 -26.4578659306 1
66.4611680827 -1.79594420686 -28.8589669975 1
66.6035359172 -3.46403167287 -25.8708940759 1
65.6967416675 -2.04766455693 -27.8284682294 1
65.992331877 -2.61781677338 -26.8148106414 1
65.3241999262 -2.02693272398 -27.8526948213 1
65.619951687 -2.59888217826 -26.8381235391 1
65.992331877 -2.61781677338 -26.8148106414 1
73.0101751213 -2.93173660453 -14.8373057005 1
71.615002866 -3.85220452029 -18.0999970002 1
72.9099097373 -3.31312556758 -15.5475243643 1
74.3940572987 -1.95959984346 -12.1527917574 1
71.8056124238 -3.13724641899 -16.691987317 1
71.615002866 -3.85220452029 -18.0999970002 1
74.2147608793 -3.82622042382 -17.393523602 1
71.2601831201 -5.1662510464 -20.8740078159 1
70.9788322641 -3.91907288246 -25.7048476212 1
70.6114803518 -3.90442820378 -25.7258227298 1
70.9788322641 -3.91907288246 -25.7048476212 1
70.6114803518 -3.90442820378 -25.7258227298 1
70.6114803518 -3.90442820378 -25.7258227298 1
70.2437760094 -3.8895654084 -25.7468881327 1
70.0779301647 -4.9526566406 -24.3621590142 1
69.5073028924 -3.85916936704 -25.7892919491 1
69.5073028924 -3.85916936704 -25.7892919491 1
69.5073028924 -3.85916936704 -25.7892919491 1
69.1385305146 -3.84362783969 -25.8106314265 1
69.5073028924 -3.85916936704 -25.7892919491 1
69.1385305146 -3.84362783969 -25.8106314265 1
68.2234532103 -2.99170795466 -25.0077575953 1
68.2234532103 -2.99170795466 -25.0077575953 1
71.9109530522 -2.04789909287 -20.3746742078 1
67.0957457214 -3.2067088907 -23.9850670399 1
67.2717106754 -4.03736996934 -24.8362367241 1
67.3459537522 -3.49771297138 -25.8268012121 1
66.9004917042 -4.02208657971 -24.8574082328 1
67.2717106754 -4.03736996934 -24.8362367241 1
72.630054544 -3.39009703044 -23.6790364961 1
72.630054544 -3.39009703044 -23.6790364961 1
72.3595924536 -4.74628701411 -23.568151505 1
72.3595924536 -4.74628701411 -23.568151505 1
72.430557838 -4.22831581896 -24.5494216856 1
72.430557838 -4.22831581896 -24.5494216856 1
72.0643782879 -4.21598342389 -24.569331736 1
72.0643782879 -4.21598342389 -24.569331736 1
71.9088614166 -3.1277131206 -24.7967394 1
72.4447508091 -3.97554740826 -25.6218395031 1
71.9932470305 -4.73519561921 -23.5872671391 1
74.7616817361 -3.73004857492 -23.658765073 1
74.7616817361 -3.73004857492 -23.658765073 1
74.7616817361 -3.73004857492 -23.658765073 1
74.7616817361 -3.73004857492 -23.658765073 1
71.3309732309 -4.19075569373 -24.6094119999 1
72.4094013243 -2.79528742563 -22.9148310759 1
70.9394082607 -2.75386920398 -22.9936612605 1
71.6751236189 -2.7748799023 -22.9540586258 1
71.6751236189 -2.7748799023 -22.9540586258 1
71.6751236189 -2.7748799023 -22.9540586258 1
71.6751236189 -2.7748799023 -22.9540586258 1
70.72331805 -3.84844249941 -22.7920828011 1
70.72331805 -3.84844249941 -22.7920828011 1
69.6170870741 -3.81617429757 -22.8505115257 1
69.2476110548 -3.80507677602 -22.8701698074 1
68.7485487168 -2.19710082681 -25.2888081359 1
68.0078240569 -2.16741211715 -25.3330711072 1
68.8906493773 -3.54703427977 -23.9761697366 1
68.1502939342 -3.52089340244 -24.0174990345 1
74.8213299766 -3.4527790107 -23.56240664 1
75.185342716 -3.46270745278 -23.5432731238 1
74.1861366613 -4.7992252904 -23.4738031661 1
74.550421132 -4.80932997384 -23.4551758394 1
74.7527779336 -5.85403154741 -22.0633254572 1
75.1165717102 -5.8622733888 -22.0460908096 1
74.3886471799 -5.84564921072 -22.0806328319 1
74.3886471799 -5.84564921072 -22.0806328319 1
74.024177744 -5.83712378861 -22.0980133862 1
73.7587364416 -3.98504447494 -19.1955134497 1
74.0590764726 -1.98259512034 -22.5381820976 1
73.0118818521 -3.5988036687 -21.9914189809 1
72.9961330463 -3.40092763939 -23.6593773569 1
72.193238935 -3.88919168497 -22.7154281569 1
72.193238935 -3.88919168497 -22.7154281569 1
72.4094013243 -2.79528742563 -22.9148310759 1
73.142256764 -2.81511300872 -22.8759729128 1
72.0424412102 -2.78515771141 -22.9343983236 1
71.458994041 -3.86913217701 -22.7535789812 1
71.5297080695 -3.35663426637 -23.7385553332 1
71.5297080695 -3.35663426637 -23.7385553332 1
71.458994041 -3.86913217701 -22.7535789812 1
71.458994041 -3.86913217701 -22.7535789812 1
70.72331805 -3.84844249941 -22.7920828011 1
71.0913358868 -3.8588675645 -22.7727864508 1
70.72331805 -3.84844249941 -22.7920828011 1
69.986195597 -3.82709896527 -22.8309446958 1
70.3549386018 -3.83785398755 -22.8114686692 1
70.2279232575 -2.70510195948 -22.4403723843 1
70.2279232575 -2.70510195948 -22.4403723843 1
76.5225817779 -4.65389561333 -19.8555996241 1
76.5225817779 -4.65389561333 -19.8555996241 1
76.5684106785 -5.89388564684 -21.9778705049 1
76.1556331842 -6.56562377464 -19.3598743761 1
77.2602439673 -4.25982419605 -21.9709950917 1
76.3743750942 -5.26478394856 -20.6373553705 1
76.3743750942 -5.26478394856 -20.6373553705 1
76.3743750942 -5.26478394856 -20.6373553705 1
75.6555733783 -3.33241857207 -21.1767805369 1
74.9271011444 -3.31783773629 -21.212066453 1
75.4269528955 -4.83324334098 -18.8228190438 1
75.2923844672 -5.03005116601 -21.7624639124 1
75.4459962278 -6.12154738727 -21.5398259391 1
74.9072077941 -5.64868646023 -18.5429395932 1
73.6228890255 -4.17905648079 -22.1493907646 1
73.8842916114 -3.40059273056 -18.9933632199 1
74.6345308941 -7.0378126987 -18.4359914542 1
74.6345308941 -7.0378126987 -18.4359914542 1
74.3382058987 -4.61933352265 -19.9534157234 1
74.1908889508 -5.22547684271 -20.7369673529 1
73.1038148548 -4.98116540384 -21.8679907602 1
73.8347120393 -4.99799891276 -21.8325044055 1
73.8347120393 -4.99799891276 -21.8325044055 1
73.0118818521 -3.5988036687 -21.9914189809 1
73.309268484 -4.10564960266 -20.9890731509 1
72.6455022923 -3.58998988275 -22.0099566181 1
72.5020698236 -4.79292695196 -18.9492285325 1
72.868917428 -4.79830391532 -18.9331658463 1
72.1348629088 -4.78744796856 -18.9653676841 1
71.7672946992 -4.78186498293 -18.9815838977 1
77.5940965928 -3.7965403195 -14.3867085688 1
61.5190286938 1.99248792941 -8.23599461212 1
73.1175468082 -2.68055539764 -13.0170027125 1
57.0295615142 0.390259457825 -5.30244109109 1
67.852614627 0.453078119883 -12.7090317449 1
67.7254894249 -1.64513433308 -14.6138732386 1
77.6032761795 -5.04193639707 -17.6519876371 1
76.8810763492 -4.85124087626 -18.761357551 1
77.3862351525 -6.15362300915 -17.4587607912 1
77.3862351525 -6.15362300915 -17.4587607912 1
77.4292557528 -4.15494795408 -17.3634375518 1
76.2007019555 -3.17919984745 -16.5158806491 1
75.876275889 -2.18722716565 -9.89492160448 1
75.2526373305 -0.114216590086 -8.61939852846 1
78.8404262391 -2.16556286093 -8.11289375313 1
76.9988750213 0.934255808418 -6.4981683464 1
76.0844392877 1.80977893607 -6.77603470053 1
76.6711758438 3.14174120416 -9.14385156055 1
74.4631567293 -0.138764807379 -10.3708816999 1
75.6714573824 -1.22364999062 -11.2861179574 1
77.6987546271 0.733618976651 -5.98703999189 1
73.5963740286 -0.885968912914 -9.50404909148 1
73.1663043658 -0.777639188508 -12.3619929163 1
73.5971058846 -5.00234991941 -17.8132965463 1
73.9302938717 -5.24647712976 -17.3037548504 1
73.9302938717 -5.24647712976 -17.3037548504 1
73.9302938717 -5.24647712976 -17.3037548504 1
73.4188584406 -4.11510074089 -17.5259484053 1
73.4188584406 -4.11510074089 -17.5259484053 1
73.0521616938 -4.11103903805 -17.5411586541 1
55.9882671523 0.636185618126 -2.8047842797 1
73.9206904958 0.273566313036 -6.78958661772 1
65.2901166843 0.356997811317 -9.88985845702 1
50.9066422632 4.01948923177 -0.397283560406 1
53.3444116738 5.29283880719 6.2104675231 1
54.5433428426 2.63918439428 -0.27072194176 1
79.2777992464 -4.55379050119 -13.4490715291 1
78.6567823195 -5.28510150467 -17.1202841882 1
79.3156992243 -5.75371688408 -16.1152245358 1
80.6629078945 -0.602939145267 -6.40748215989 1
77.4425230724 -0.120772943763 -8.57040991282 1
77.6467370959 -1.06218195584 -7.18613167323 1
76.5539524728 -1.06233382509 -7.20638134872 1
76.5539524728 -1.06233382509 -7.20638134872 1
76.1190576536 0.26765134964 -6.74975237488 1
76.3071265598 -0.60135102128 -6.4794544192 1
76.6145568031 1.36487430338 -10.35226194 1
74.0611341022 -5.45360719144 -11.6174844297 1
75.4783597524 -1.70763178188 -14.3250273489 1
75.9499157877 -5.00100805352 -12.5603433021 1
74.8067686053 -2.86411475615 -16.4683927609 1
68.8391421018 -2.40384362632 -9.57014909121 1
73.8653311971 -5.72427909124 -16.3134014216 1
72.8459043804 -3.77651468576 -14.5514262991 1
73.4991594044 -2.93407507889 -10.7861014184 1
75.1081311389 -3.32871396031 -15.4648100402 1
74.5155677297 -4.30115224675 -16.38964626 1
74.6583595671 -5.76805053542 -14.0006742589 1
74.4514433303 -4.76896664199 -15.3990732609 1
73.7193212684 -4.76508844579 -15.4256551228 1
65.7380851444 1.51774661901 -2.98387136703 1
60.3431777553 2.58664526571 -0.266728601644 1
57.7635704932 -0.0899606640676 -3.04228144358 1
59.2128476047 0.92727900378 -0.267503816353 1
65.1690990163 0.383069533493 -1.03741608083 1
74.2589388292 -1.21385014336 -9.6005856279 1
70.970002783 -1.75379436916 -4.656910044 1
79.039441398 -4.52099775383 -9.476742294 1
79.3143794882 -5.15330423534 -7.98525933142 1
79.2777992464 -4.55379050119 -13.4490715291 1
78.3660883321 -3.9766798356 -11.5789254323 1
77.9305855809 -4.15969061823 -12.7900501294 1
77.9305855809 -4.15969061823 -12.7900501294 1
77.9305855809 -4.15969061823 -12.7900501294 1
78.1364381648 -5.13068005988 -11.4040664992 1
75.3827055206 -4.15816628789 -12.8676845108 1
70.2131212992 21.7610539949 24.1682933629 1
75.8889307233 -5.448157349 -11.5675270819 1
74.4272492566 -6.15230647567 -6.67875652717 1
77.3822289053 -3.56644086597 -10.897415578 1
39.0252988645 1.40279762183 2.44526860395 1
40.9581689293 5.37750308045 10.9293059884 1
45.6483935072 3.20917015267 4.93498765287 1
72.2592536771 0.374729835455 -1.01562141971 1
71.4743458415 -2.68705149088 -6.12808087835 1
75.2719348554 -3.36552309245 -9.73907471947 1
68.9895596814 -0.179698048324 -7.63081906897 1
74.0358210468 -2.07672645767 -11.0538197485 1
74.4625806817 -3.56991013637 -10.9755679633 1
74.7237071903 -3.98013131531 -11.6807528298 1
60.4048656479 2.58188948689 2.1210134752 1
50.2887044547 2.52203313136 3.99700148736 1
52.8646783959 3.45549256589 3.69815146481 1
53.1429150245 1.31209186713 2.30476275398 1
63.4521263903 2.5543912811 2.09903615881 1
61.7233749002 3.31776004596 2.3840161208 1
60.6975674955 2.60045870013 -1.45536017481 1
78.335166096 -0.0944541147557 -2.86239673296 1
77.9226776102 -4.73976123713 -9.00516726533 1
78.8821610639 -3.56773860578 -9.15798687719 1
78.8821610639 -3.56773860578 -9.15798687719 1
78.2472946001 -4.841150888 -9.60064925913 1
78.9719725146 -4.83737445248 -9.58439419831 1
79.00253399 -6.4026068468 -10.1050348392 1
78.9805033496 -6.73766711239 -8.51733801474 1
77.7473854382 -4.08770186144 -7.08393788818 1
52.1949385972 21.8205965864 30.0141752651 1
48.486028318 23.0470950553 26.2010642285 1
70.2094462637 -7.06259421533 -6.4506841617 1
69.663260844 -0.87278242106 -4.94822301918 1
50.4890493412 0.40372256768 -1.09106747406 1
49.0965803796 2.53629198435 4.01640744827 1
42.5414911401 3.74294983283 6.45413405039 1
70.2558536849 -0.0932389729151 -2.92673897947 1
63.7170259412 -0.459927709563 -6.073963095 1
68.3662576474 -1.76256888953 -4.69088879861 1
52.1902096515 2.66208544635 -0.272392783544 1
59.7887102395 -0.00160393598519 0.00304031713332 1
66.2271087967 -2.92284161159 -5.70195467552 1
72.5683114644 -2.59710239486 -7.23444337922 1
71.4781974919 -3.03589137067 -3.35786638689 1
62.7097716381 0.894808861852 2.09737827067 1
61.5675929894 0.898567758985 2.10517447597 1
76.2212350707 1.58052111548 -0.00433845145036 1
40.976342531 4.03111474905 7.23587418548 1
59.7337806898 -0.388342991498 1.06296547417 1
74.872251895 -0.973112053516 -2.6244285284 1
80.5343622779 -4.50594420145 -7.74837716955 1
78.8212021214 -4.36973266084 -5.46421987142 1
79.3785304577 -5.21945251262 -5.17936659248 1
79.6759751448 -5.15055763687 -7.97858431573 1
79.4507190945 -4.5131593923 -7.76806459914 1
79.3721335041 -4.73142370656 -8.97456346259 1
77.0043258111 -3.0519023456 -2.1919633374 1
73.7433546406 -1.16954511122 -2.12612423842 1
31.5716363566 -0.476265836337 -7.57877254104 1
17.9050421782 15.7164851857 16.9424543316 1
42.0571617772 0.930689435567 13.006938314 1
71.9959439944 -1.28288352853 2.43275981226 1
62.0276391679 -0.385608153556 1.05516084823 1
47.5909842152 1.34426029639 2.35509239512 1
45.8588103562 3.91174104199 7.07237093674 1
52.9440780259 3.53667564729 6.17071790657 1
53.4546428887 0.750481625849 3.93190755163 1
55.8713760764 -0.393184289265 1.07680882121 1
72.0236735617 -2.15211470991 -3.62802592026 1
38.5061990483 2.83722043462 2.32482273286 1
43.7637964858 3.71569375649 6.41732806453 1
56.4299677432 3.76604546305 2.57162003227 1
61.3533496673 -1.64671877721 0.0235736660898 1
51.5714289037 2.47694562538 8.25364642925 1
40.4902449733 3.79086376073 6.51837686282 1
57.4244620535 2.39188660305 8.07338170939 1
52.7418638144 0.812894469694 6.40400271906 1
38.7041328233 5.21427899778 5.16307623489 1
37.2883944929 4.90824101394 1.80419588268 1
69.8504934306 1.27463345449 -1.28470906506 1
77.732261024 -4.37890121105 -5.47848015022 1
78.2364886814 -3.71884419783 -5.24977736329 1
66.6215098897 2.92655446807 4.56121141915 1
51.8909760282 4.90829304681 15.8192575846 1
77.4801026167 -4.49686788858 -0.413541713477 1
46.5642589503 3.22692876426 9.29223267124 1
42.0014181887 5.11832458757 5.07498644291 1
25.4938932941 4.42255100124 3.0279578808 1
16.2935368729 6.22752379062 6.09241559269 1
43.8363313196 3.95921013198 7.13783367868 1
48.6980029251 2.5411483151 4.02300318162 1
30.4524403847 4.35867450809 7.66657706917 1
25.7111139792 9.75067447951 12.780482636 1
40.4182890523 9.81820390462 12.7216404317 1
42.1117480596 6.49220095816 13.8323590028 1
34.9684767898 10.0384359215 11.7657205484 1
50.1583279417 3.41443771816 6.79257801812 1
59.8468648761 3.35891482468 3.60216178544 1
46.2964179237 0.957909357654 2.22620692012 1
38.6151105668 9.47742555565 10.7367924077 1
42.6083309029 7.04891656653 11.515185407 1
29.27982619 4.69179090522 10.517078453 1
34.5129755322 5.3497564704 5.28717606022 1
43.5305179175 4.1497892549 9.73689287392 1
33.7910904887 1.30704633777 14.8844399914 1
50.7405718716 3.95661674348 9.43453010354 1
43.6224331463 3.2443969635 4.98026392511 1
96.353736324 -1.87321011778 8.53941077183 1
99.197806015 -3.05858761504 7.53591381404 1
97.6966860269 -2.19322256094 9.47558292194 1
97.3065644391 -0.817289109132 9.96525837826 1
29.2837700598 4.43921049328 13.7346779275 1
48.5736623694 7.17241167905 23.4670998315 1
39.3920744439 9.76457382906 25.7560144208 1
41.9533052507 6.23924592351 9.32540452784 1
31.8491840602 10.6539630818 20.5803915594 1
30.6098237506 12.5710532686 19.605418767 1
15.3808996691 10.9988222265 14.03530766 1
12.9312954491 4.56903625115 4.76939112706 1
29.591009391 2.84692310935 4.42455710734 1
39.7399287156 4.0641107619 7.28042207749 1
40.9019349438 3.78101866603 6.50522391923 1
13.2189830486 10.3489086298 12.8195142039 1
37.5832997487 11.7027517851 14.2880387922 1
36.3089007502 11.8890102629 11.8502968245 1
49.5707280128 9.93471106933 19.1076259165 1
70.9148380335 4.31925858862 14.7878551321 1
37.1706986907 11.7387601697 14.3248860634 1
37.6722357381 13.2706447758 18.776153967 1
39.0402274971 12.0904080664 18.8010931321 1
41.9109080347 11.7051272086 21.5367285044 1
41.4383297129 16.2772917802 18.6263901202 1
32.8980362239 14.3081316465 22.7219869185 1
42.8637602334 10.5855530883 21.6159577527 1
68.4852366989 0.266847113024 12.8358474197 1
53.3378171608 11.8706486416 23.8324865584 1
93.5945945449 1.2875432018 10.7950971006 1
46.7477529967 7.79165186125 26.1982725207 1
54.2168832534 4.19963686807 21.9638415643 1
40.0270451214 10.5483976187 26.6168959134 1
44.194698056 7.51931773084 23.913999 1
34.0180732198 10.8440665956 17.9701739013 1
37.5035345317 9.24564812769 21.4472080099 1
56.6639645971 -1.14822971239 28.5252716845 1
56.0517281463 1.50108007094 27.2253235028 1
56.437241598 1.48261347341 27.1898360186 1
53.407583891 1.85741345333 28.693508941 1
35.0687502506 14.3040935835 23.7810310054 1
29.7363865132 7.05536511706 5.38313330666 1
3.88122544919 3.74728208917 2.1865035003 1
52.3166125356 3.91926261596 9.37438179246 1
49.661734012 1.27986733796 25.9048296359 1
53.5892573592 -1.10786269968 31.5887213149 1
54.344216651 -1.05302155761 28.7408786042 1
53.743422222 -2.31021779982 32.8322554463 1
50.8431275519 1.22065049747 25.793729129 1
51.7907242944 0.0625559496664 26.47044686 1
50.2563870858 0.142633234816 28.9087814504 1
51.223169821 -0.910409224024 29.0382763303 1
49.8627357298 0.164365693377 28.9474551877 1
49.6455985789 1.16805441177 26.4462390281 1
50.4606846603 -2.55092290894 27.9770482849 1
51.2470113079 -2.58019288087 27.9035536353 1
53.2213800416 -2.7627556117 30.505902503 1
53.4190495289 -3.93001141863 33.9677157546 1
51.5708938218 -1.24377615063 30.5880864216 1
51.8475218428 -3.70048975947 30.8672326267 1
52.6008224887 -3.93936293373 31.838227542 1
52.2103916452 -3.92295953215 31.8753256716 1
51.6311408427 -2.89970440535 31.7031198286 1
52.6008224887 -3.93936293373 31.838227542 1
51.4954385084 -3.64133015175 33.1233312072 1
52.0651882042 -2.60727588773 30.0912623727 1
48.312375964 0.462767705303 28.0318447839 1
52.2386169856 -3.71614000979 30.8301107275 1
49.6422130219 -2.73750000659 29.1178041898 1
48.0591466239 -2.66860286927 29.2692013481 1
12.5761866049 4.09171606358 -3.84312689369 1
42.1078053456 33.4254660227 17.6975745849 1
28.2309355319 4.11647444059 9.00029913924 1
38.4736818321 5.67056565535 8.57370032916 1
51.648498683 5.197001948 2.51382190063 1
56.6837922107 2.44058622918 29.2160407592 1
54.6698948405 2.46531089964 25.3756345237 1
53.9278727057 2.7382779597 24.3686683055 1
56.0194131338 1.27725599757 28.2869433145 1
53.307988437 1.42028001042 28.5465712016 1
52.9971710908 0.000166178957983 28.6428754755 1
55.5598061833 2.72283457535 28.2689709457 1
52.9186632075 1.44196148628 28.584463543 1
54.1495658923 1.82295484278 26.3363785652 1
55.6657348823 1.51981453982 27.2610249381 1
55.8787696195 2.49228399888 27.0211700237 1
46.2717812025 2.48294983528 23.6590094074 1
45.7191356762 1.71802721461 25.1957754922 1
47.6741541633 3.30402160706 23.8537378816 1
47.6817242197 1.38523152031 26.0946476692 1
56.0517281463 1.50108007094 27.2253235028 1
45.4710396082 2.52751439797 23.7348588055 1
55.0573171289 2.44644160736 25.3408204715 1
55.0573171289 2.44644160736 25.3408204715 1
55.1423399595 2.53136625736 29.3667618836 1
57.0679824071 2.41866776712 29.1788634605 1
57.8349767803 2.37572130229 29.1051149937 1
55.5920803516 2.94299969661 27.2050053083 1
57.7978334272 4.00846880682 27.9995175038 1
56.6469516375 4.0780001038 28.1100801078 1
55.7293535976 0.470892583772 21.6848521273 1
42.7081973627 23.5434645897 15.1647837108 1
42.3098414234 49.9211836938 21.7106029758 1
49.7133265564 2.61934250889 12.6443698652 1
51.7460891395 4.91100035179 9.15222707072 1
61.5719195879 3.57081780081 28.6940867497 1
61.63881577 4.02397210773 26.5938168304 1
60.120899063 4.10354426162 26.7292604461 1
57.4475182007 4.25264817907 26.9748446313 1
58.2135950185 4.20869641437 26.9035427365 1
58.2135950185 4.20869641437 26.9035427365 1
56.2949490941 4.32073044085 27.083536203 1
57.1325091014 2.85999873521 27.0612006848 1
55.9778985103 2.92182261643 27.168717859 1
52.8777474015 3.09980914306 27.4653696545 1
53.6557340767 3.05341402653 27.3898404767 1
61.4419477771 2.92929761234 29.59460382 1
61.4419477771 2.92929761234 29.59460382 1
60.479722596 1.81430898385 33.1591787837 1
59.5520234559 2.84573849208 33.046104222 1
62.8028213954 3.92840006935 28.7349433295 1
60.6839488296 2.97117685015 29.6664423626 1
60.3766092175 1.59012393983 29.7565398023 1
57.4833486179 4.24472412984 29.2429800757 1
59.0119309298 4.14863668227 29.0935808211 1
59.392964621 4.12536721924 29.0567668649 1
63.1795814628 3.90781211768 28.7002240754 1
61.4739075894 4.99531584282 26.3955147087 1
63.8998785382 5.47340752473 27.5388703112 1
58.6003165478 5.79855891949 28.0346445666 1
60.774179347 6.72715475867 29.3574183255 1
92.8574410481 -8.70251888382 8.46394606502 1
9.69725195395 3.25261950172 8.1046677256 1
48.1810557125 5.01366950959 9.29216757446 1
50.6117359956 5.26787317132 8.09145738963 1
57.4836501716 2.61583226892 28.0856687555 1
55.9098262994 4.34402106878 27.1202356654 1
53.9770746706 4.46521269811 27.3073013445 1
58.9778573412 4.16584490287 26.833154911 1
59.3593153053 4.14481926216 26.7983000151 1
59.3593153053 4.14481926216 26.7983000151 1
53.5890745693 4.49044246524 27.3454347209 1
54.8190028126 2.98624161008 27.2782578683 1
57.1325091014 2.85999873521 27.0612006848 1
52.4880015017 3.12351073241 27.5034769822 1
56.7481097146 2.88032763895 27.0968164921 1
62.1961848313 4.72509475544 27.3797362072 1
66.6991376108 4.49020716714 26.9843604657 1
63.3274349835 4.66332062507 27.2780968203 1
62.1961848313 4.72509475544 27.3797362072 1
62.5736855066 4.70426303724 27.3456433168 1
61.8182634905 4.74617237519 27.4140443378 1
61.0611485429 4.78908256657 27.4833126554 1
62.5736855066 4.70426303724 27.3456433168 1
59.1608172057 4.900973679 27.6603586187 1
58.7794362449 4.92418135922 27.6964438593 1
62.1961848313 4.72509475544 27.3797362072 1
60.6819497398 4.81092400705 27.5182759586 1
62.5736855066 4.70426303724 27.3456433168 1
66.6991376108 4.49020716714 26.9843604657 1
63.1974409802 5.602998288 29.323574406 1
56.5458576084 0.985286904296 17.7112667797 1
4.80527287214 1.85957878858 3.53582132611 1
31.7329400769 5.96595631516 8.91526284979 1
47.0144652652 3.54803245463 8.15503230486 1
61.0310142691 4.83117430112 25.2243450089 1
61.63881577 4.02397210773 26.5938168304 1
61.2599860954 4.04350389009 26.6273524229 1
60.120899063 4.10354426162 26.7292604461 1
59.3593153053 4.14481926216 26.7983000151 1
52.4566584026 2.91041498265 28.5733873885 1
59.0143936503 2.53530077592 27.9428606231 1
57.0998172889 2.63665123959 28.1219014813 1
55.5598061833 2.72283457535 28.2689709457 1
57.8019473602 2.3947542989 26.844407287 1
53.9436198628 2.59684821962 27.2034993943 1
64.0795319278 4.62331268294 27.2113918439 1
60.6819497398 4.81092400705 27.5182759586 1
61.4399189229 4.76750018404 27.4485692975 1
62.9507680531 4.6836730275 27.3117640612 1
61.4399189229 4.76750018404 27.4485692975 1
61.8182634905 4.74617237519 27.4140443378 1
64.8299959684 4.58420815063 27.1455152187 1
59.5417563104 4.87804907244 27.6245006148 1
59.9222562972 4.85540251395 27.5888684605 1
58.0153376715 4.97146663387 27.7693013777 1
59.9222562972 4.85540251395 27.5888684605 1
64.4549668488 4.6036493793 27.1783508151 1
61.4399189229 4.76750018404 27.4485692975 1
66.3261020106 4.50859162539 27.0161938753 1
65.6136515411 4.78029717737 26.0377587446 1
62.3951922254 3.98560590025 26.5273861671 1
9.68748605515 3.51593013435 5.09504392797 1
35.7155478375 2.59650113422 11.386823955 1
40.258244979 4.25202906599 9.89135959466 1
40.2031095106 3.62888339229 14.0912851227 1
61.9501534387 3.55021825235 28.6589996426 1
59.6743126559 3.67773460089 28.872637971 1
61.1932600795 3.59167241858 28.729380328 1
61.1932600795 3.59167241858 28.729380328 1
61.1932600795 3.59167241858 28.729380328 1
53.2354017199 2.8614885398 28.4960049681 1
57.8670212462 2.59529297412 28.049648964 1
57.4836501716 2.61583226892 28.0856687555 1
53.1661148842 2.64080655088 27.2780091178 1
51.2134964149 2.75648855831 27.4682434039 1
31.2447809818 3.04774290472 19.5107176177 1
32.1246765912 0.200380559919 8.06467324167 1
31.52352332 -0.501882358266 7.1778557056 1
59.566241067 6.84508129879 24.931816294 1
65.0038450961 2.28674574824 23.4655524248 1
64.1194460241 3.52421772672 22.259038887 1
60.8849058726 2.21501628182 28.818190727 1
66.6973796203 6.03670380526 28.1192323744 1
66.3282743825 2.6809300289 29.1466963014 1
61.0332412148 4.35516317178 31.8157936598 1
57.4651125672 0.553480668336 31.2943783191 1
66.4907472509 3.55342743861 27.2161724527 1
61.6759813723 2.40417653189 27.7009918399 1
61.6759813723 2.40417653189 27.7009918399 1
64.3073917559 3.84749107243 28.5972848328 1
53.7654299347 4.04450251935 20.7578774612 1
5.65059732706 3.99497075067 4.43054803481 1
7.24578825554 12.2191885163 5.64707080286 1
58.4233450339 3.75532718566 22.6956021758 1
56.0859813221 1.49149103029 29.4892208101 1
51.8182662015 1.74338690188 29.9107054182 1
54.1534740143 1.60091006907 29.6780743539 1
52.6289310337 1.9029461159 28.7700111512 1
55.7316823864 1.72860384087 28.468842488 1
54.9589324678 1.77029470107 28.5429176373 1
53.407583891 1.85741345333 28.693508941 1
55.8787696195 2.49228399888 27.0211700237 1
54.3316273209 2.57533836775 27.1665836128 1
54.3316273209 2.57533836775 27.1665836128 1
50.4288307664 2.80522530075 27.545914509 1
59.4026063058 7.28695204136 31.9126554436 1
61.6049714315 3.79495726087 27.6453099275 1
53.7756168259 -0.0376528385112 28.5685294291 1
59.9245036132 -0.125124256375 25.2258979697 1
25.60860904 2.50153267204 7.81712897185 1
55.5045486134 0.891657637569 25.9048224102 1
22.0114177325 -1.57398503491 7.90559858056 1
27.3578245695 -1.75430479293 8.25981081104 1
28.2375808917 6.16527347305 7.09608717954 1
22.8350808813 2.28209493005 7.15524795096 1
24.4870770027 1.23789065313 10.8206269467 1
65.8294716215 4.40653243483 21.912845563 1
62.1019837404 4.81594104357 21.1304631619 1
59.3259879819 3.91983641275 27.8552181247 1
55.4918963752 4.15032031778 28.2226709169 1
54.9741274243 -3.01920367142 21.1094318845 1
13.655247294 10.4504606807 8.87252162138 1
21.2738382144 13.2560224773 14.6964418872 1
51.8182662015 1.74338690188 29.9107054182 1
52.6289310337 1.9029461159 28.7700111512 1
56.8556478435 1.44989279118 29.4150037825 1
54.1534740143 1.60091006907 29.6780743539 1
51.0655281761 1.99824137828 28.9253691534 1
58.8037918047 1.57319287938 28.1807258457 1
53.407583891 1.85741345333 28.693508941 1
55.7316823864 1.72860384087 28.468842488 1
57.0340870769 2.43296571511 26.9144516347 1
46.4731948589 3.07278419896 27.9473243457 1
51.9960798396 2.70918919896 27.3914715285 1
60.8551106454 2.25173497821 26.5728349207 1
62.738660735 3.73587638664 27.5432253862 1
60.4674379387 3.856237033 27.7492955338 1
50.6733861858 2.02299086288 28.9646863276 1
62.6032506184 1.40141059541 27.8387608839 1
60.9071757902 2.60903729989 24.9896178707 1
55.5259627455 2.73993508897 25.9891271401 1
58.2499335312 2.57502805479 28.0138414884 1
58.6323900138 2.55503233826 27.9782456315 1
25.0981749829 3.35380741189 18.1860059396 1
55.0876172704 0.45339142983 30.328978363 1
36.0984149474 -0.0618917793605 18.0347223954 1
16.0741206076 1.66326557305 2.8229286715 1
27.4642388265 1.938026759 18.7659793838 1
37.9900299224 1.17268422687 14.5759782128 1
41.8038005802 4.4766572526 22.931540312 1
20.0555662882 1.48885410967 15.9392503507 1
18.3505932827 9.90472718683 11.22277084 1
23.9836384831 12.970754052 17.0463957711 1
19.7862678892 12.6118325487 21.0860384542 1
57.0998172889 2.63665123959 28.1219014813 1
54.7869489265 2.76775215677 28.3437923658 1
55.9455171263 2.70084120717 28.2318821202 1
51.2847540395 2.98653996559 28.6910320619 1
56.330753865 2.67915007159 28.1950077735 1
60.9177204765 2.44043682 27.7690669556 1
55.9140105773 2.48534281105 29.2910000217 1
55.4927104853 2.5126116859 27.0571872533 1
48.4578582519 2.93377446801 27.7439638073 1
52.5986729643 1.69445494218 29.8324612613 1
45.2756122801 3.16171852848 28.0717031495 1
60.847047319 3.83555884037 27.7144201635 1
62.3611870587 3.75533280546 27.5770446555 1
58.4213981436 1.59168310124 28.2160258974 1
56.5025178878 1.68809317782 28.3955858355 1
53.9436198628 2.59684821962 27.2034993943 1
57.6552375992 1.62943990286 28.2872367931 1
48.2826951419 0.255067818646 29.1037127171 1
54.9395321868 -0.0921770089032 28.4584212584 1
53.9932106953 2.93515452113 25.5946950572 1
58.8128189499 5.14721276599 26.6369327219 1
61.63881577 4.02397210773 26.5938168304 1
55.2991870236 1.42890571282 30.0916307293 1
55.4323807019 7.13330638564 29.9055987092 1
58.4213981436 1.59168310124 28.2160258974 1
62.738660735 3.73587638664 27.5432253862 1
53.0224473939 2.40456102545 21.9718270968 1
11.4995659774 11.5027442775 7.94441594384 1
35.4618755727 10.183433625 13.1029692584 1
31.1317707249 7.78386847312 22.5677003988 1
50.500916986 3.03920401588 28.7704893049 1
46.9473812836 3.2971380485 29.1375365765 1
53.624025881 2.83755029759 28.4576316408 1
54.0121562399 2.81395266414 28.4194713775 1
54.0121562399 2.81395266414 28.4194713775 1
55.9140105773 2.48534281105 29.2910000217 1
52.8157390769 2.67756074902 29.5987816543 1
63.5035059365 2.13820171557 26.3460943582 1
54.3316273209 2.57533836775 27.1665836128 1
51.4272990231 1.76841963943 29.9500791251 1
61.2347486547 2.23488904813 26.5398344624 1
59.3959473661 2.51582843962 27.9076856263 1
50.893094653 3.01267520494 28.7306593409 1
60.1250848247 2.25361223332 28.8887162222 1
50.86323089 2.80955603474 29.7973374788 1
60.9177204765 2.44043682 27.7690669556 1
60.157716586 2.47764231458 27.8379620153 1
60.9177204765 2.44043682 27.7690669556 1
65.0428667406 2.32070312616 25.1766318601 1
54.9589324678 1.77029470107 28.5429176373 1
57.6078661486 1.30148215734 29.8671923744 1
52.1940091699 1.6172162622 30.4007543615 1
52.8462803683 2.88577437804 28.5345905524 1
46.5112244658 -0.67463515745 32.2824763373 1
75.2581414484 5.99473754559 27.5442237594 1
85.2291705637 3.40417550373 28.6987428868 1
57.0174592437 -1.38704371639 29.5425310896 1
48.6019388 1.70404404165 29.0138307266 1
56.5025178878 1.68809317782 28.3955858355 1
52.7739044832 0.687152993322 30.0303277158 1
52.7739044832 0.687152993322 30.0303277158 1
52.0665323628 2.93541771274 28.6123942584 1
47.344392111 3.26666033959 29.0960429096 1
49.3212376615 3.12123698668 28.8911680873 1
48.5321255332 3.17805363758 28.9725778821 1
55.7316823864 1.72860384087 28.468842488 1
54.5718314282 1.79159775441 28.5802613078 1
46.8712471105 3.0440885281 27.9062462724 1
50.0357077517 2.8301520863 27.5850849107 1
51.0655281761 1.99824137828 28.9253691534 1
55.3455483552 1.74929877493 28.5057778826 1
58.6323900138 2.55503233826 27.9782456315 1
52.8462803683 2.88577437804 28.5345905524 1
62.7769065642 2.12278079611 28.645348033 1
57.4517095927 2.39704802388 29.1418881512 1
52.0665323628 2.93541771274 28.6123942584 1
57.8670212462 2.59529297412 28.049648964 1
54.7696732688 0.70668840014 31.5601247355 1
52.7766104127 2.66326800116 27.3156035234 1
52.0283381395 2.92893748455 26.3156786273 1
54.1842419042 1.81321422972 28.6178082927 1
57.0998172889 2.63665123959 28.1219014813 1
52.8462803683 2.88577437804 28.5345905524 1
45.1714761438 10.0388646285 20.6297539924 1
83.8982627383 11.4195615648 31.255241916 1
80.9554822834 6.91589738107 27.542175224 1
82.9765697015 10.3310649435 34.6540606676 1
63.5118856572 9.87240143729 33.1481329241 1
46.0201969193 8.02072415891 28.0901095359 1
58.5959515367 4.18713565248 26.8682353077 1
48.1665762511 3.40870287177 27.9375629911 1
54.9395321868 -0.0921770089032 28.4584212584 1
52.9186632075 1.44196148628 28.584463543 1
53.307988437 1.42028001042 28.5465712016 1
66.6412230021 0.827044187396 27.3460880323 1
48.309399796 2.17990391303 29.2043554884 1
55.3455483552 1.74929877493 28.5057778826 1
50.0357077517 2.8301520863 27.5850849107 1
53.9436198628 2.59684821962 27.2034993943 1
53.7961605269 1.83515058632 28.6555578213 1
54.5718314282 1.79159775441 28.5802613078 1
52.238847813 1.92623006742 28.8085592991 1
61.2262242578 3.81513373897 27.6797587393 1
59.4712623201 1.11344602212 27.9677243939 1
64.2251740088 5.11691278831 29.0696254463 1
60.6819497398 4.81092400705 27.5182759586 1
53.9451882212 4.25137109445 28.3759693526 1
62.9808107949 1.38544986232 27.8056485549 1
65.612037564 1.27927732536 27.579201376 1
47.2998605668 5.12880115778 24.5558594816 1
58.6001430593 2.33392481927 29.0321751916 1
59.4292129108 2.74355941731 26.8521244407 1
53.6557340767 3.05341402653 27.3898404767 1
49.8634597692 4.84798490974 14.6841625307 1
90.7016792369 4.22783281569 25.9984256238 1
72.4845778611 6.89281084724 26.3910151663 1
57.3100205072 19.7544197522 41.4046616959 1
39.9922751707 20.2479843033 37.3647873735 1
59.3234616581 15.9866916403 35.9118823721 1
50.0563706441 14.0094090658 33.0219575147 1
66.4636561335 11.0917318073 32.3006928457 1
61.614782845 11.8020857364 29.0098061226 1
48.8087507444 7.35640699963 36.008660534 1
48.8531320412 2.90726439969 27.7039183314 1
53.5878375465 2.84193593259 26.1681760984 1
48.5321255332 3.17805363758 28.9725778821 1
48.9269500413 3.14942636016 28.9317798132 1
48.4578582519 2.93377446801 27.7439638073 1
46.4731948589 3.07278419896 27.9473243457 1
46.4731948589 3.07278419896 27.9473243457 1
42.715281649 2.61187625571 29.7826154374 1
57.0998172889 2.63665123959 28.1219014813 1
57.271464637 1.64871664453 28.3231484916 1
52.6289310337 1.9029461159 28.7700111512 1
26.4016735164 3.13708168438 18.6467621944 1
54.9205755945 3.67529380147 24.059859813 1
66.7636883694 3.32556999614 24.2994511384 1
59.3663169551 2.55578760556 25.6481833001 1
56.6830032347 2.68205573045 25.8844831999 1
56.5129073766 3.67010858725 25.6812402812 1
59.3959473661 2.51582843962 27.9076856263 1
54.8190028126 2.98624161008 27.2782578683 1
56.7481097146 2.88032763895 27.0968164921 1
37.2865360269 8.18123768267 24.6881023166 1
65.1917481218 13.0625542739 19.5671445226 1
52.0871394791 12.50778421 34.4868356384 1
52.545243911 14.1905636563 35.6805653844 1
41.619688613 18.9232736675 32.95193582 1
50.4320618903 15.4091919627 33.0148084077 1
42.1276283085 17.8260200558 32.9860043646 1
46.1080072249 13.2806375245 26.1059932581 1
91.7221816815 -0.15679030942 19.5340016128 1
93.4517231939 1.09603873219 22.0500496314 1
48.6759324531 1.95501538858 30.2299765998 1
44.1021266973 3.45279221697 27.1104676232 1
51.7476422842 1.50902797669 28.6993188816 1
52.5288328301 1.46397522203 28.6225533623 1
55.8787696195 2.49228399888 27.0211700237 1
55.4927104853 2.5126116859 27.0571872533 1
58.4213981436 1.59168310124 28.2160258974 1
51.0655281761 1.99824137828 28.9253691534 1
56.330753865 2.67915007159 28.1950077735 1
57.4836501716 2.61583226892 28.0856687555 1
57.4836501716 2.61583226892 28.0856687555 1
29.0725757713 1.49407442523 15.2687823356 1
27.2951949116 -0.0868777575827 9.51610404722 1
24.2339885772 0.301811278309 8.448041191 1
19.3844691458 1.23143675597 7.62173557679 1
28.9301013258 -0.177839105701 4.69436436762 1
31.4299747918 1.94209814594 19.7219197663 1
52.1970943523 3.81941722294 24.3035686485 1
42.8583155457 3.84200186401 20.8065163264 1
44.875261828 3.19234931155 28.1135249445 1
61.1357875201 1.55214409123 29.6853866098 1
56.080339509 3.61760189252 23.9591373628 1
61.6851337487 4.81586388681 19.4173620796 1
33.1623125701 17.6213463935 32.8457088818 1
56.3947658291 14.1456602671 29.7701778307 1
38.9674921909 11.6560713261 21.1078760977 1
56.8057525469 11.3514609373 26.8801477893 1
75.7609677118 7.92908987512 30.4366221121 1
75.2543146839 0.985164818913 28.4707759675 1
76.666418483 4.30778947712 25.1785007596 1
62.9808107949 1.38544986232 27.8056485549 1
55.7316823864 1.72860384087 28.468842488 1
45.2756122801 3.16171852848 28.0717031495 1
44.875261828 3.19234931155 28.1135249445 1
52.6289310337 1.9029461159 28.7700111512 1
45.7053908411 3.33434042728 26.9440990044 1
52.1696447353 1.70142779046 27.5920222326 1
46.0745744776 3.10194720114 27.988596754 1
59.0143936503 2.53530077592 27.9428606231 1
54.3997961491 2.79068882971 28.3815248016 1
56.4710497127 1.47054308136 29.4520166561 1
56.1312713112 0.0824513833677 27.2899854464 1
54.7489040797 -0.229827722676 19.1535733865 1
60.7608546316 0.605250309175 20.2540480059 1
56.50280854 0.448434162697 21.6259631504 1
57.2742956004 0.426640885013 21.5679236801 1
20.3461957221 1.19604136712 9.66963985682 1
20.8209519359 -0.538516614242 6.2181488398 1
23.0937493693 1.50782256949 6.16223522288 1
18.8053211517 2.74098179468 8.21089197211 1
23.286478254 2.26924470064 7.13270829086 1
50.6997741974 4.37943003148 22.2631802545 1
90.9127732781 5.66061679613 20.5947069161 1
78.5181029156 2.93301592318 23.4673295438 1
35.347348878 9.20192368043 20.3450199383 1
36.8607354268 8.70510483991 16.8945419311 1
77.0733157891 5.90888415433 27.3996709469 1
81.5727029365 8.38729624193 23.1344935851 1
94.4298565716 -2.47911491475 21.8143539102 1
92.7710062943 3.03495598516 19.5555124705 1
47.5170697355 2.23563259703 29.2855724532 1
49.8875268025 2.07365726479 29.0438740051 1
49.8875268025 2.07365726479 29.0438740051 1
50.0357077517 2.8301520863 27.5850849107 1
50.6733861858 2.02299086288 28.9646863276 1
41.679197057 3.64606022105 27.3660052309 1
46.1202328384 3.41042392821 26.357758767 1
51.464964447 0.295693660713 27.725570304 1
60.4674379387 3.856237033 27.7492955338 1
59.5672208591 1.53696430777 28.1107337874 1
61.3730618826 1.0309390202 27.7974020142 1
57.2541944627 -0.193875879988 28.243374522 1
56.7155195476 2.65775531802 28.1583476739 1
55.9455171263 2.70084120717 28.2318821202 1
65.4418912336 2.23592221451 27.3725753623 1
44.9538987951 3.45708275649 29.3472306499 1
56.4216793725 -0.361452154124 27.1132158446 1
54.3110521123 -2.88232878944 26.4141371994 1
22.3819404149 -0.284058624233 13.1283283731 1
16.2657094343 -0.0145144907276 6.60633033388 1
15.314293043 -0.00166311011718 6.65753572198 1
13.8737232342 0.019925356853 6.73885867524 1
44.7306791187 3.76175943788 12.6688011663 1
57.5252286395 5.0197942425 21.4765615996 1
41.8331052247 5.19777201331 15.2232334572 1
51.0462900586 4.29937314585 20.4304505525 1
62.4503463467 7.95139147355 21.1448859553 1
80.4148969156 7.43652539397 31.0333046609 1
80.4148969156 7.43652539397 31.0333046609 1
64.0051672628 9.17279430203 27.2439312718 1
58.2829197425 2.80062312238 26.9556800074 1
50.9239184843 3.22184316768 27.6581862032 1
49.247862267 2.88116316086 27.664088592 1
44.875261828 3.19234931155 28.1135249445 1
53.1987231968 2.86321774666 26.204693421 1
36.9341105268 4.93635681985 25.856433651 1
48.662755275 2.12203375349 26.8604181848 1
35.6941358686 3.13758808158 28.1930003526 1
55.4918963752 4.15032031778 28.2226709169 1
58.4213981436 1.59168310124 28.2160258974 1
58.0385477495 1.61043043632 28.2515293897 1
52.4566584026 2.91041498265 28.5733873885 1
54.7869489265 2.76775215677 28.3437923658 1
51.6758987527 2.96079012216 28.6516097143 1
49.3212376615 3.12123698668 28.8911680873 1
48.1367602998 3.20712842924 29.0135578126 1
57.4517095927 2.39704802388 29.1418881512 1
47.4661555915 5.69938461128 26.5168924294 1
50.4288307664 2.80522530075 27.545914509 1
49.6455985789 1.16805441177 26.4462390281 1
49.051153159 0.302969518811 26.1889902882 1
70.1662017483 2.6376866479 14.7708868978 1
64.6783919827 3.10780860315 16.899677886 1
42.4863843513 7.8398573257 16.2173140391 1
68.8512766322 4.55710135992 20.66434089 1
31.5114024433 3.96863535158 22.9177598587 1
77.7716967814 7.90011067091 20.9176599056 1
52.0871394791 12.50778421 34.4868356384 1
40.2522058708 6.43842937223 26.7561125935 1
47.6968871034 5.10136304895 24.516515414 1
55.9778985103 2.92182261643 27.168717859 1
41.3556224152 3.95907140445 28.6553316078 1
47.2687354374 3.0158497373 27.8653672161 1
53.9436198628 2.59684821962 27.2034993943 1
44.1021266973 3.45279221697 27.1104676232 1
53.7655167093 1.62377486024 29.716401668 1
64.3094015249 2.47235007832 24.7131297728 1
40.225442986 2.72061838542 27.7237574845 1
53.3676913753 6.93151297836 27.124593248 1
55.138162617 4.39153173857 27.1943451798 1
57.8307848838 4.23053220934 26.9390786926 1
53.5890745693 4.49044246524 27.3454347209 1
57.4475182007 4.25264817907 26.9748446313 1
42.8646391987 3.35343415233 28.3250136863 1
47.1444686565 4.35818953851 26.0425970702 1
53.2354017199 2.8614885398 28.4960049681 1
48.7047422542 2.1527053112 29.1639829742 1
48.309399796 2.17990391303 29.2043554884 1
43.0675158637 2.49647765589 27.4275209645 1
51.4190154806 1.96447953408 26.5927871594 1
51.6050465544 2.73266298135 27.4297446991 1
40.838813658 3.52894801347 28.539508752 1
56.1173378222 1.70820391855 28.4321117515 1
51.4571500003 1.97387003433 28.8862405281 1
19.7189173931 3.86514768412 18.7759032942 1
41.2673698323 2.71305347958 15.5705490576 1
67.1230553552 3.68134980379 19.2906855172 1
83.1663258599 5.52304864668 27.4366555713 1
25.5536839437 5.71637276025 11.7847742124 1
59.9903800104 5.31067859928 25.4727242153 1
55.5624017473 4.37203774121 29.434572026 1
56.1447967118 3.80651356213 25.1809989263 1
50.8533135976 2.99760879334 26.4288285153 1
43.2679614448 3.32011765807 28.2824287258 1
49.6420528708 2.85546192013 27.6244768138 1
40.6130038216 0.788170204221 27.0196288029 1
34.2194481794 4.31607973914 25.2397024322 1
43.0675158637 2.49647765589 27.4275209645 1
50.0745828158 4.7339384543 27.6995472273 1
51.7786647965 1.72316590637 27.6298751426 1
48.1039864866 4.88336826148 27.9047051259 1
48.1039864866 4.88336826148 27.9047051259 1
69.4991500239 3.66214961563 25.9363774418 1
44.0728002849 3.25515975659 28.1976703006 1
49.5028841938 4.08765151751 26.347827918 1
37.2423948108 4.20518728801 30.1517416775 1
55.3455483552 1.74929877493 28.5057778826 1
61.0887276548 1.46738481334 27.9731620706 1
55.173617855 2.74513617481 28.3062743647 1
56.330753865 2.67915007159 28.1950077735 1
46.0745744776 3.10194720114 27.988596754 1
53.5551168694 2.6186688137 27.2406411301 1
57.8019473602 2.3947542989 26.844407287 1
50.2512992089 1.84588333098 30.0691584173 1
69.9986111873 3.82344898985 30.9563914059 1
54.1462444664 5.34024427143 25.3115505761 1
50.0143415143 4.33185932351 29.8444168618 1
63.7248461604 4.29863328647 33.2470311227 1
52.9762969211 3.26024507825 31.4828676783 1
59.1318007411 2.84704880624 30.8592222659 1
54.3645665475 2.80027173421 26.0958523996 1
50.2095233472 1.81355700666 27.7834078891 1
52.6289310337 1.9029461159 28.7700111512 1
39.2337130156 3.86060909937 27.627056389 1
36.0794875855 1.13233972016 27.4754869813 1
43.0515536457 0.629828576795 26.7743238614 1
46.4461517859 3.15058643924 25.067719194 1
45.0789991201 2.35251085188 27.2204839389 1
58.2135950185 4.20869641437 26.9035427365 1
51.9960798396 2.70918919896 27.3914715285 1
61.2347486547 2.23488904813 26.5398344624 1
62.0274560579 2.44056591907 25.4224454665 1
46.1806949602 3.55509246483 28.1435133868 1
60.1911604273 2.70673837038 26.7841618671 1
61.1175396774 3.56274987316 24.7510743388 1
50.0786424425 2.86518249304 29.8779978357 1
50.4363746905 4.50020625974 28.734116265 1
57.2541944627 -0.193875879988 28.243374522 1
54.1640854977 -0.0561152373318 28.5316373209 1
54.1640854977 -0.0561152373318 28.5316373209 1
54.1640854977 -0.0561152373318 28.5316373209 1
56.2643499441 2.47223741127 26.9853756202 1
50.0357077517 2.8301520863 27.5850849107 1
46.4731948589 3.07278419896 27.9473243457 1
54.1842419042 1.81321422972 28.6178082927 1
48.7047422542 2.1527053112 29.1639829742 1
58.2499335312 2.57502805479 28.0138414884 1
52.0665323628 2.93541771274 28.6123942584 1
40.5166886896 3.85956567516 29.8160529732 1
46.9473812836 3.2971380485 29.1375365765 1
53.7961605269 1.83515058632 28.6555578213 1
54.7521881629 2.77987734129 26.0600438215 1
58.5415768522 0.715259786201 23.8996931362 1
57.6831384077 3.72715794838 25.0446164647 1
40.8007525962 3.54517494453 25.6431303227 1
44.8139130714 3.04155526975 26.3248218563 1
48.5048607912 3.25239977524 26.1183943268 1
46.0745744776 3.10194720114 27.988596754 1
48.4991712356 4.85259883079 27.8632014848 1
50.4288307664 2.80522530075 27.545914509 1
50.8696229857 3.10836012285 25.8880028763 1
51.0222136382 3.8856316464 24.4118807054 1
48.7083615716 0.440632902411 27.9929060185 1
62.9205975901 1.20499028191 26.6184043148 1
47.2679870235 1.03848051317 30.5827302558 1
42.8656543822 1.37910383572 31.0259326246 1
48.2063066691 1.73022521236 29.0539255337 1
47.5170697355 2.23563259703 29.2855724532 1
45.849576443 2.09409552303 28.2221732909 1
51.7069870289 3.17195704531 27.5803764753 1
48.4578582519 2.93377446801 27.7439638073 1
58.1851814946 2.376033543 26.8097122001 1
50.8214257297 2.78067342994 27.506966969 1
57.8019473602 2.3947542989 26.844407287 1
57.0677308338 2.66328402033 25.8500577767 1
53.5878375465 2.84193593259 26.1681760984 1
56.0194131338 1.27725599757 28.2869433145 1
63.2639680752 0.953808696314 27.6319709119 1
53.2354017199 2.8614885398 28.4960049681 1
56.330753865 2.67915007159 28.1950077735 1
52.0283381395 2.92893748455 26.3156786273 1
40.2210575744 4.63961282822 25.4980305989 1
54.3645665475 2.80027173421 26.0958523996 1
45.0494934508 2.15082268837 28.3042775368 1
49.0270769806 1.88517672362 27.9007415399 1
43.0389088365 2.3014816555 28.5119773488 1
47.2149329546 1.18455604762 24.8916931986 1
33.1473211018 3.42953858549 24.9976645083 1
52.0283381395 2.92893748455 26.3156786273 1
55.9121224479 2.72037611555 25.9540164122 1
48.6580953954 4.02700007849 24.63574848 1
56.6830032347 2.68205573045 25.8844831999 1
50.2737650265 -1.54129004013 27.7610518127 1
45.4521856668 0.381769644074 27.0784936286 1
60.5101074767 0.819854967766 24.9470401901 1
51.6151091514 -0.929311165397 29.0005119395 1
47.6647653117 1.01061088948 30.5425586918 1
43.6655873665 4.8928541402 30.5257148335 1
53.307988437 1.42028001042 28.5465712016 1
59.0895639537 1.13063844799 28.0023857385 1
52.8091042395 2.88480764158 26.241449051 1
51.4571500003 1.97387003433 28.8862405281 1
38.7786020605 1.88077969756 27.5373050669 1
55.4927104853 2.5126116859 27.0571872533 1
48.662755275 2.12203375349 26.8604181848 1
49.4529593317 2.07523704415 26.782813007 1
51.1604166237 2.6479574514 25.6996989562 1
57.2068421315 1.44646276548 27.1195002304 1
67.7945629451 1.03092100664 26.2195457985 1
34.0021100233 3.15696037208 29.4173461411 1
46.1047458419 3.30591867651 26.9030554522 1
50.4605903751 3.0211879817 26.467028296 1
45.2756122801 3.16171852848 28.0717031495 1
50.4288307664 2.80522530075 27.545914509 1
53.1843853943 3.0151055108 23.3554100406 1
48.9041778604 1.54749543877 24.8919740678 1
44.0410391499 1.58110236033 24.0968999506 1
49.8425825078 3.95476229575 24.5225911696 1
52.0283381395 2.92893748455 26.3156786273 1
46.1047458419 3.30591867651 26.9030554522 1
55.1393191001 2.75976700226 26.0244691623 1
63.1614030189 2.39422753247 25.3287876024 1
57.4496243104 0.932486774248 25.2031277166 1
55.1344395588 1.0258751851 25.4041550524 1
57.2719349176 3.80687607532 22.7886905322 1
45.879416891 2.29828239674 27.1389944406 1
45.4498268854 2.12221833054 28.2631471601 1
63.5265890538 3.92974022983 26.429315859 1
53.8229098649 3.93372208019 25.3927762269 1
54.7521881629 2.77987734129 26.0600438215 1
59.0017296906 2.6919503899 25.1504490076 1
43.1186635931 2.57749298237 29.7408229803 1
50.8533882753 4.89561099097 24.212184528 1
59.3484669053 0.739236494116 25.5713408271 1
58.5224266016 2.28789940815 25.0377996511 1
51.0268688075 1.98594925928 26.6303340138 1
46.0468321856 3.17582303316 25.1071311625 1
52.9823948847 1.88179600465 26.4448955203 1
39.5458719801 3.44805011135 26.8755931311 1
46.014942621 2.95988834105 26.2028549093 1
58.557794267 2.53048470374 23.9730133908 1
40.4593407672 3.7504752844 27.4960007778 1
50.4605903751 3.0211879817 26.467028296 1
51.4272990231 1.76841963943 29.9500791251 1
40.8692464481 2.02259995846 25.6804614563 1
48.2430111382 0.231175438907 26.8060268142 1
49.7938869717 -0.0671435790913 27.7313174055 1
50.0835221108 3.15493042229 25.9638001328 1
47.8656857715 4.07698641697 24.7125667359 1
54.9251800118 1.78514561552 26.2651684213 1
47.6817242197 1.38523152031 26.0946476692 1
53.8229098649 3.93372208019 25.3927762269 1
40.0514461799 3.78652992032 27.5395878781 1
61.0310142691 4.83117430112 25.2243450089 1
49.295278626 3.20292268569 26.0405967676 1
48.884353199 3.11915069661 26.6222438093 1
47.2993745357 3.22334231526 26.7812978201 1
56.6830032347 2.68205573045 25.8844831999 1
56.6830032347 2.68205573045 25.8844831999 1
57.2719349176 3.80687607532 22.7886905322 1
47.665664 2.98805766815 27.824691367 1
46.0745744776 3.10194720114 27.988596754 1
39.4512039028 1.06512897597 28.9199576 1
50.8882899498 5.12745905229 23.1202676408 1
41.0674735212 4.77838745539 24.2972409326 1
46.9017333865 3.25042971556 26.821652108 1
50.8533135976 2.99760879334 26.4288285153 1
47.8656857715 4.07698641697 24.7125667359 1
38.1499313855 2.72338204798 29.0161408925 1
47.6741541633 3.30402160706 23.8537378816 1
43.7148219972 3.58444864497 26.6058215146 1
47.5170697355 2.23563259703 29.2855724532 1
55.9291310905 2.83648670264 25.4192194534 1
36.2492460868 3.75009954913 27.2262962633 1
41.9849100949 1.48033919777 25.4019161265 1
50.0357077517 2.8301520863 27.5850849107 1
58.9405341159 2.5146388785 23.9415123675 1
46.6355522464 4.16524355049 22.4649209755 1
47.8703414805 2.1703528992 26.9389211649 1
67.8301453323 1.27839515594 25.1833337393 1
56.5300895137 3.78628416606 25.1465498359 1
54.7690503449 2.89486154271 25.523794853 1
49.0352369265 0.191442523848 26.7299772324 1
49.4529593317 2.07523704415 26.782813007 1
49.295278626 3.20292268569 26.0405967676 1
50.4605903751 3.0211879817 26.467028296 1
57.8357764625 2.62649276916 25.7818816422 1
61.6486127888 2.45640294364 25.4540693431 1
54.9589324678 1.77029470107 28.5429176373 1
47.665664 2.98805766815 27.824691367 1
48.0620369142 2.96070244546 27.7842224598 1
50.0357077517 2.8301520863 27.5850849107 1
49.893007711 0.376436888205 27.8771884153 1
41.2080458491 3.51374470677 25.6004089459 1
53.9932106953 2.93515452113 25.5946950572 1
54.1449479636 3.71506826779 24.128230994 1
60.6769389588 3.40805895588 23.5771050314 1
33.602885543 5.28030532906 26.2244768736 1
36.4646792953 4.89325254168 23.4896579454 1
36.4646792953 4.89325254168 23.4896579454 1
33.8081291407 2.41868198524 27.49808497 1
36.0791439901 3.17064706674 24.6853995967 1
53.1152262427 2.54353904348 25.5172548406 1
55.444248451 2.42783641793 25.3062398289 1
30.8509833662 2.73396622351 27.7748601844 1
40.0542456941 0.300152859863 24.5512213888 1
40.0147440712 3.81386499379 24.6172688027 1
37.7395327287 5.0015365564 22.2208339664 1
