64.1908323305 -2.92739074031 -11.0563771345 1
65.246922405 -3.10944999733 -12.2654292319 1
64.3568933551 -1.91394328302 -12.4823931871 1
65.1105591628 -1.91831419082 -12.4561291853 1
65.183106387 -3.57189983152 -11.2430482341 1
65.934704003 -3.57237276197 -11.220214136 1
67.1970197469 -2.93133159381 -10.9655531335 1
67.1970197469 -2.93133159381 -10.9655531335 1
67.1970197469 -2.93133159381 -10.9655531335 1
67.1970197469 -2.93133159381 -10.9655531335 1
67.1970197469 -2.93133159381 -10.9655531335 1
68.172169646 -1.47875801443 -13.3667611435 1
68.6784114987 -2.66148119909 -13.1667084977 1
68.987112372 -3.12003284362 -12.1435558088 1
69.0504764195 -2.66329528518 -13.1538443887 1
69.7934191128 -2.6667932769 -13.1283345311 1
70.101297815 -3.12248672468 -12.1083410701 1
70.101297815 -3.12248672468 -12.1083410701 1
69.5224857826 -3.75793947056 -14.6721405236 1
69.5224857826 -3.75793947056 -14.6721405236 1
69.5224857826 -3.75793947056 -14.6721405236 1
69.8932781071 -3.76022231738 -14.6584403102 1
70.1654792426 -4.13738102225 -15.3559431707 1
69.7951456817 -4.13471061271 -15.3700441335 1
69.7951456817 -4.13471061271 -15.3700441335 1
69.424427536 -4.1319738051 -15.3842195863 1
69.0533225003 -4.12916919481 -15.3984702085 1
69.0533225003 -4.12916919481 -15.3984702085 1
68.1813637486 -4.72806878017 -15.6337806902 1
67.436461269 -4.72192518835 -15.6627648523 1
67.8091100379 -4.72503664645 -15.6482347609 1
67.436461269 -4.72192518835 -15.6627648523 1
67.436461269 -4.72192518835 -15.6627648523 1
66.3161204893 -4.71209728568 -15.7068180347 1
66.6899689322 -4.71545731184 -15.6920558034 1
66.818435419 -4.11083441972 -15.4855915691 1
65.7927937305 -3.73166898514 -14.8133388547 1
65.7927937305 -3.73166898514 -14.8133388547 1
64.633172219 -4.1330742693 -13.2215879454 1
64.633172219 -4.1330742693 -13.2215879454 1
65.0935619454 -2.40375363174 -9.66967303148 1
65.8770978187 -2.18101184948 -10.1612302355 1
67.3767351789 -2.18283697167 -10.1190540472 1
67.9657708197 -1.20043429742 -9.764811767 1
68.4971136281 -2.18396707948 -10.0880881127 1
68.4971136281 -2.18396707948 -10.0880881127 1
68.466442641 -2.40391766665 -9.5798322734 1
70.3259328616 -2.40338346514 -9.53198496059 1
69.9852882326 -2.18518170507 -10.0476537577 1
68.6901317639 -2.93260101852 -10.9217405731 1
69.7774372881 -1.20037914234 -11.4617968457 1
70.7269943508 -2.18567220611 -10.0277908121 1
69.5432333924 -2.50955560635 -10.1705122836 1
69.6049252891 -2.06728114207 -11.1826344865 1
69.9147082165 -2.50965622232 -10.1604388153 1
71.0267720757 -2.50984384453 -10.1305670696 1
70.6564751029 -2.50979989376 -10.140466814 1
71.2119701046 -3.12464588854 -12.0737151958 1
70.6564751029 -2.50979989376 -10.140466814 1
70.6564751029 -2.50979989376 -10.140466814 1
70.5347951895 -2.67012363404 -13.1031109782 1
70.101297815 -3.12248672468 -12.1083410701 1
69.556272492 -3.68403125029 -14.0632444373 1
69.9271280993 -3.68586974852 -14.0500304905 1
69.9271280993 -3.68586974852 -14.0500304905 1
69.4182411537 -2.51788183308 -14.2575290976 1
69.4182411537 -2.51788183308 -14.2575290976 1
69.185027268 -3.68214067429 -14.0765305779 1
69.0211402753 -4.53358737901 -13.7839975384 1
69.0211402753 -4.53358737901 -13.7839975384 1
68.649441898 -4.53223741037 -13.7968800856 1
68.2773494904 -4.53083398045 -13.8098320584 1
67.9048606308 -4.52937586965 -13.8228541051 1
67.5319728715 -4.52786182624 -13.835946882 1
66.7198599472 -4.83208236522 -13.9668581086 1
65.9712719726 -4.82867935028 -13.9935330063 1
66.345770123 -4.83041276845 -13.9801593128 1
66.345770123 -4.83041276845 -13.9801593128 1
65.5322621189 -5.46981726842 -11.8645858486 1
64.5549159192 -6.46778859823 -12.8121480147 1
67.9775066194 -1.30324100414 -8.62947543763 1
68.3509205063 -1.30362138473 -8.62046930504 1
69.1835846668 -1.06184603962 -7.35072275163 1
69.9275749285 -1.06203228712 -7.33550079051 1
69.5557807158 -1.06194355923 -7.34308833895 1
69.5557807158 -1.06194355923 -7.34308833895 1
69.5557807158 -1.06194355923 -7.34308833895 1
69.5557807158 -1.06194355923 -7.34308833895 1
70.3259328616 -2.40338346514 -9.53198496059 1
70.3259328616 -2.40338346514 -9.53198496059 1
70.7792005013 -2.17854294839 -8.2833258255 1
71.1495456881 -2.17802629773 -8.27510757989 1
70.9535103644 -1.30589051258 -8.55894462852 1
71.6935495005 -1.30642135246 -8.54183656767 1
72.8007169632 -1.30712801129 -8.51654977781 1
72.8007169632 -1.30712801129 -8.51654977781 1
72.6270585578 -2.17587826419 -8.2427100281 1
72.2582557418 -2.17642702899 -8.25073910176 1
72.2582557418 -2.17642702899 -8.25073910176 1
72.2582557418 -2.17642702899 -8.25073910176 1
71.4578333791 -2.07164226783 -11.1278891605 1
70.2857879636 -2.50973750031 -10.1504238622 1
70.2430117822 -4.43275976043 -10.8013718322 1
70.2430117822 -4.43275976043 -10.8013718322 1
69.0623988527 -2.93285266188 -10.9109465199 1
69.4342666885 -2.933079247 -10.9002147837 1
69.5432333924 -2.50955560635 -10.1705122836 1
69.9548311578 -2.40352230038 -9.54144191159 1
69.2957334914 -1.61947820376 -12.2051747869 1
68.1154746465 -2.06330243156 -11.2275965769 1
69.37275481 -3.37743909957 -9.88734281402 1
69.0007772763 -3.37805949451 -9.89706042182 1
69.0007772763 -3.37805949451 -9.89706042182 1
67.0589591371 -3.57284121782 -11.1864633549 1
66.1356738813 -4.13880773299 -13.1693591412 1
66.9544583675 -3.9792871794 -11.913029625 1
67.3283441599 -3.97964092618 -11.9013459148 1
67.3283441599 -3.97964092618 -11.9013459148 1
66.0103298491 -3.38236286564 -9.976880109 1
66.3855825062 -3.38189395347 -9.96669479741 1
68.557453647 -0.596557117733 -6.61808006072 1
68.557453647 -0.596557117733 -6.61808006072 1
68.2300906675 -0.463664499007 -5.99363068682 1
68.2300906675 -0.463664499007 -5.99363068682 1
68.2300906675 -0.463664499007 -5.99363068682 1
69.2342929828 -2.60812264042 -7.29926941273 1
69.2342929828 -2.60812264042 -7.29926941273 1
69.6658052078 -2.18004019623 -8.30827404071 1
70.1523367165 -1.72946378242 -7.56163216762 1
70.5234312608 -1.72905406443 -7.55397363152 1
71.3524327553 -1.47682809065 -6.29243259356 1
71.7223432902 -1.47623427492 -6.28608958534 1
72.2688871635 -0.5992114821 -6.54988783991 1
72.6378755629 -0.599437212569 -6.5432945683 1
72.6836807446 -0.466399929813 -5.91923281724 1
72.6836807446 -0.466399929813 -5.91923281724 1
72.8297592041 -1.47443911385 -6.2672857723 1
72.506063377 -1.34365496618 -5.6504715232 1
71.7534732689 -0.881383735599 -9.55083714264 1
71.6935495005 -1.30642135246 -8.54183656767 1
72.2582557418 -2.17642702899 -8.25073910176 1
72.2582557418 -2.17642702899 -8.25073910176 1
71.8366325593 -2.18627167031 -9.99842535542 1
72.4196010765 -1.21044368829 -9.64719662881 1
71.4368887615 -2.40287712467 -9.50394223022 1
71.8064324088 -2.40267960682 -9.49470213231 1
71.8064324088 -2.40267960682 -9.49470213231 1
71.8064324088 -2.40267960682 -9.49470213231 1
70.8961249455 -3.27006470667 -9.23273917706 1
70.5256976012 -3.27097912899 -9.24169143585 1
70.5256976012 -3.27097912899 -9.24169143585 1
70.5256976012 -3.27097912899 -9.24169143585 1
70.5256976012 -3.27097912899 -9.24169143585 1
68.1795093005 -3.57303917087 -11.1532966164 1
68.6283994874 -3.37866272749 -9.9068343707 1
68.2556188934 -3.37924831987 -9.9166652491 1
67.4780998686 -3.60323322848 -9.4268433968 1
66.5226964515 -4.57542102825 -9.77639229268 1
66.7295660056 -3.60514635377 -9.44585514177 1
65.2585572186 -3.38323590982 -9.99743529988 1
68.0053862415 -1.48204885476 -6.3512919437 1
68.7519991189 -1.48091005903 -6.33792807899 1
68.7519991189 -1.48091005903 -6.33792807899 1
69.1246924053 -1.4803357171 -6.33130838136 1
69.8688659037 -1.47917776956 -6.31819112568 1
69.8688659037 -1.47917776956 -6.31819112568 1
69.8688659037 -1.47917776956 -6.31819112568 1
69.8688659037 -1.47917776956 -6.31819112568 1
69.8688659037 -1.47917776956 -6.31819112568 1
70.7199954932 -2.60324865413 -7.27003441556 1
71.5756079026 -0.465796650841 -5.93731979313 1
73.0522708893 -0.466590124823 -5.91327612869 1
71.5195016836 -2.17750127176 -8.26693738131 1
70.3259328616 -2.40338346514 -9.53198496059 1
72.0918662739 -1.47563810833 -6.27978438448 1
72.0918662739 -1.47563810833 -6.27978438448 1
72.0918662739 -1.47563810833 -6.27978438448 1
72.0918662739 -1.47563810833 -6.27978438448 1
72.5190954208 -1.06242357718 -7.2836573141 1
72.3272313628 -0.187851631712 -7.56035220471 1
72.3730367226 -1.72690792785 -7.51635799146 1
72.3730367226 -1.72690792785 -7.51635799146 1
71.006912017 -2.83462248599 -8.50261056574 1
70.2656864724 -2.83646467011 -8.51934518954 1
70.6364950333 -2.83554763348 -8.51095358801 1
70.465729366 -3.70528385679 -8.22934304912 1
71.2063906709 -3.70191020719 -8.21350219556 1
70.0948122384 -3.70696387435 -8.23733128703 1
69.7139176183 -3.59714655489 -9.37112335545 1
69.4395918199 -4.88386284107 -9.80928159221 1
69.3422853392 -3.59819464269 -9.38027633179 1
69.9147082165 -2.50965622232 -10.1604388153 1
69.7836676272 -3.27277302235 -9.25975050246 1
70.5256976012 -3.27097912899 -9.24169143585 1
70.5256976012 -3.27097912899 -9.24169143585 1
70.5256976012 -3.27097912899 -9.24169143585 1
70.5256976012 -3.27097912899 -9.24169143585 1
70.5256976012 -3.27097912899 -9.24169143585 1
67.2406372826 -4.79757728367 -9.2471653616 1
65.9793659883 -3.60699541208 -9.46509388885 1
67.6314612633 -1.48261304734 -6.35803706598 1
67.6314612633 -1.48261304734 -6.35803706598 1
67.6314612633 -1.48261304734 -6.35803706598 1
68.7519991189 -1.48091005903 -6.33792807899 1
69.1754708465 -3.03183139847 -6.28026267758 1
69.8549843503 0.285437055546 -6.86643059238 1
68.7784867168 -2.84004618203 -8.5534077908 1
69.7836676272 -3.27277302235 -9.25975050246 1
71.7088474731 0.279865708582 -6.83086233656 1
71.7088474731 0.279865708582 -6.83086233656 1
71.7088474731 0.279865708582 -6.83086233656 1
72.3147084575 -0.46620436049 -5.92522539123 1
72.3147084575 -0.46620436049 -5.92522539123 1
72.3147084575 -0.46620436049 -5.92522539123 1
72.3147084575 -0.46620436049 -5.92522539123 1
72.8164845042 0.276665619936 -6.81003836342 1
72.0038897954 -1.7273495504 -7.52379246339 1
72.3730367226 -1.72690792785 -7.51635799146 1
73.9859901187 0.347776086521 -5.03780785064 1
73.9859901187 0.347776086521 -5.03780785064 1
72.9952675049 -0.869413926424 -4.90261034741 1
73.7314670633 -0.86865492786 -4.89280730147 1
73.3747085766 -0.599868910537 -6.53022545684 1
73.3747085766 -0.599868910537 -6.53022545684 1
72.8164845042 0.276665619936 -6.81003836342 1
72.2688871635 -0.5992114821 -6.54988783991 1
72.447656539 0.2777208749 -6.8169377202 1
72.447656539 0.2777208749 -6.8169377202 1
72.1500436602 -1.06239100511 -7.29093097913 1
70.3628880614 -2.69206026734 -6.14639085952 1
71.0405721289 -1.06224771797 -7.3130141498 1
71.0405721289 -1.06224771797 -7.3130141498 1
69.9779391038 -2.60569115227 -7.28456510117 1
69.9779391038 -2.60569115227 -7.28456510117 1
69.9779391038 -2.60569115227 -7.28456510117 1
68.8618673989 -2.60933383594 -7.30668786271 1
68.8618673989 -2.60933383594 -7.30668786271 1
67.6588516507 -2.84263309455 -8.57949081801 1
67.9173436353 -1.73176890792 -7.60857377661 1
66.8823605148 -1.48373033865 -6.37165613858 1
67.3164846773 -1.06121910277 -7.38961666558 1
67.2426593479 0.293780471677 -6.91814183198 1
67.9910958046 0.291328177311 -6.90313023794 1
69.110650188 0.287753598837 -6.88097102545 1
69.920348835 0.35640645633 -5.09540437396 1
69.920348835 0.35640645633 -5.09540437396 1
69.920348835 0.35640645633 -5.09540437396 1
71.4809415598 0.695420678912 -4.95205344337 1
71.4809415598 0.695420678912 -4.95205344337 1
71.4809415598 0.695420678912 -4.95205344337 1
72.2010891588 0.752423990643 -6.07657827117 1
70.9821322303 -1.47741945405 -6.29881382538 1
71.3235324459 -1.68268049213 -5.78528310923 1
71.3235324459 -1.68268049213 -5.78528310923 1
71.3235324459 -1.68268049213 -5.78528310923 1
71.3235324459 -1.68268049213 -5.78528310923 1
71.3235324459 -1.68268049213 -5.78528310923 1
71.3235324459 -1.68268049213 -5.78528310923 1
71.3235324459 -1.68268049213 -5.78528310923 1
71.3235324459 -1.68268049213 -5.78528310923 1
71.3235324459 -1.68268049213 -5.78528310923 1
71.3235324459 -1.68268049213 -5.78528310923 1
72.6836807446 -0.466399929813 -5.91923281724 1
71.9453516465 -0.466003305519 -5.93125424846 1
70.9821322303 -1.47741945405 -6.29881382538 1
71.3524327553 -1.47682809065 -6.29243259356 1
69.8405118318 -1.30499925914 -8.58499298737 1
69.4089542534 -1.7302621706 -7.57708863433 1
69.4089542534 -1.7302621706 -7.57708863433 1
69.4089542534 -1.7302621706 -7.57708863433 1
69.4089542534 -1.7302621706 -7.57708863433 1
68.9215501502 -2.18099186813 -8.3251560883 1
69.2342929828 -2.60812264042 -7.29926941273 1
69.6063160272 -2.60690835523 -7.29189531866 1
68.4890366736 -2.61054176437 -7.31415115544 1
68.4890366736 -2.61054176437 -7.31415115544 1
68.4890366736 -2.61054176437 -7.31415115544 1
68.1292211218 -2.7021491315 -6.18400850549 1
67.3814037838 -2.70553098787 -6.1968554269 1
67.3814037838 -2.70553098787 -6.1968554269 1
64.9871822954 0.301491952094 -6.96437390939 1
64.9871822954 0.301491952094 -6.96437390939 1
65.3641711341 0.300168205632 -6.95654030692 1
66.8678127773 0.295028127261 -6.92572096993 1
67.2426593479 0.293780471677 -6.91814183198 1
67.2426593479 0.293780471677 -6.91814183198 1
67.2426593479 0.293780471677 -6.91814183198 1
70.7399465999 0.69763680772 -4.96245260657 1
71.0913916529 0.756484033593 -6.09547279563 1
70.7207096815 0.757861649032 -6.10184932291 1
69.9781565153 0.760654395298 -6.11472261092 1
69.9781565153 0.760654395298 -6.11472261092 1
69.9781565153 0.760654395298 -6.11472261092 1
69.9781565153 0.760654395298 -6.11472261092 1
69.9781565153 0.760654395298 -6.11472261092 1
69.9781565153 0.760654395298 -6.11472261092 1
71.5756079026 -0.465796650841 -5.93731979313 1
71.5756079026 -0.465796650841 -5.93731979313 1
70.9821322303 -1.47741945405 -6.29881382538 1
71.1596057734 -0.598493091005 -6.56990773349 1
70.7890651358 -0.598239408961 -6.57666254729 1
70.7890651358 -0.598239408961 -6.57666254729 1
70.1523367165 -1.72946378242 -7.56163216762 1
69.4089542534 -1.7302621706 -7.57708863433 1
70.037332748 -2.17955014964 -8.29990852824 1
69.2938785283 -2.18052085904 -8.31668971122 1
69.2938785283 -2.18052085904 -8.31668971122 1
68.7784867168 -2.84004618203 -8.5534077908 1
68.8391421018 -2.40384362632 -9.57014909121 1
68.8391421018 -2.40384362632 -9.57014909121 1
68.8391421018 -2.40384362632 -9.57014909121 1
68.8391421018 -2.40384362632 -9.57014909121 1
68.8391421018 -2.40384362632 -9.57014909121 1
68.8618673989 -2.60933383594 -7.30668786271 1
68.4890366736 -2.61054176437 -7.31415115544 1
68.4890366736 -2.61054176437 -7.31415115544 1
68.1292211218 -2.7021491315 -6.18400850549 1
67.0068714545 -2.70722507263 -6.20333852813 1
67.0068714545 -2.70722507263 -6.20333852813 1
66.2565455908 -2.71061907315 -6.2164262705 1
65.5045192102 -2.71402015718 -6.22967916488 1
65.5045192102 -2.71402015718 -6.22967916488 1
65.7407256477 0.298860228999 -6.94875883691 1
65.55891603 -0.593837963738 -6.67581410615 1
67.7981686608 -0.874610337755 -4.97468906584 1
68.8032491504 0.358924020957 -5.11181127853 1
68.5454348107 -0.873883627814 -4.96400168199 1
68.6034299377 -0.463927174008 -5.98721563519 1
68.7378751415 0.288931594276 -6.88831041435 1
68.7378751415 0.288931594276 -6.88831041435 1
68.7378751415 0.288931594276 -6.88831041435 1
70.2403513145 -1.47859440274 -6.31169265826 1
69.8688659037 -1.47917776956 -6.31819112568 1
69.4830190472 0.286588827177 -6.87367792852 1
70.9684847721 0.282057577423 -6.84495796751 1
69.110650188 0.287753598837 -6.88097102545 1
69.4830190472 0.286588827177 -6.87367792852 1
69.4830190472 0.286588827177 -6.87367792852 1
69.4830190472 0.286588827177 -6.87367792852 1
69.4830190472 0.286588827177 -6.87367792852 1
69.4830190472 0.286588827177 -6.87367792852 1
69.4830190472 0.286588827177 -6.87367792852 1
69.4830190472 0.286588827177 -6.87367792852 1
69.4830190472 0.286588827177 -6.87367792852 1
68.8391421018 -2.40384362632 -9.57014909121 1
68.8391421018 -2.40384362632 -9.57014909121 1
68.8391421018 -2.40384362632 -9.57014909121 1
68.4971136281 -2.18396707948 -10.0880881127 1
68.466442641 -2.40391766665 -9.5798322734 1
68.466442641 -2.40391766665 -9.5798322734 1
68.1756779107 -2.18190380719 -8.34224319973 1
67.8021287791 -2.18234415833 -8.35086507512 1
67.2848192765 -2.84347482171 -8.58829024153 1
67.2848192765 -2.84347482171 -8.58829024153 1
65.4083797881 -2.84751356841 -8.63310183464 1
66.794312043 -1.73281312053 -7.6327054525 1
65.7845139917 -2.84672969296 -8.62402890421 1
65.0318167388 -2.84828473487 -8.64223131389 1
63.8995252663 -2.85051785277 -8.66996548582 1
63.5212174022 -2.85123399228 -8.67932765407 1
63.5212174022 -2.85123399228 -8.67932765407 1
63.4021739575 -1.73543088732 -7.70793230511 1
64.3732402963 -2.71913309463 -6.24987657277 1
64.3732402963 -2.71913309463 -6.24987657277 1
65.2910300307 -1.73407834478 -7.66560089301 1
65.2910300307 -1.73407834478 -7.66560089301 1
66.0435242852 -1.73346475587 -7.64904835004 1
66.4191300407 -1.73314355947 -7.6408509981 1
66.6319196604 -2.70892113455 -6.20986198962 1
67.0068714545 -2.70722507263 -6.20333852813 1
67.3814037838 -2.70553098787 -6.1968554269 1
68.3788979568 -1.48148114779 -6.34458910855 1
68.7519991189 -1.48091005903 -6.33792807899 1
68.7519991189 -1.48091005903 -6.33792807899 1
68.7519991189 -1.48091005903 -6.33792807899 1
68.7519991189 -1.48091005903 -6.33792807899 1
68.7519991189 -1.48091005903 -6.33792807899 1
68.7519991189 -1.48091005903 -6.33792807899 1
68.7519991189 -1.48091005903 -6.33792807899 1
68.7519991189 -1.48091005903 -6.33792807899 1
69.8688659037 -1.47917776956 -6.31819112568 1
69.4089542534 -1.7302621706 -7.57708863433 1
69.5557807158 -1.06194355923 -7.34308833895 1
69.0366612233 -1.73065043184 -7.58488759743 1
69.110650188 0.287753598837 -6.88097102545 1
68.2908585613 -1.73140402275 -7.60062962693 1
68.1756779107 -2.18190380719 -8.34224319973 1
68.2908585613 -1.73140402275 -7.60062962693 1
67.8021287791 -2.18234415833 -8.35086507512 1
68.1756779107 -2.18190380719 -8.34224319973 1
67.053791081 -2.18319211451 -8.36826838652 1
67.053791081 -2.18319211451 -8.36826838652 1
67.053791081 -2.18319211451 -8.36826838652 1
65.7845139917 -2.84672969296 -8.62402890421 1
65.7845139917 -2.84672969296 -8.62402890421 1
65.0318167388 -2.84828473487 -8.64223131389 1
64.6548219368 -2.84904278579 -8.65141798091 1
64.6548219368 -2.84904278579 -8.65141798091 1
63.8995252663 -2.85051785277 -8.66996548582 1
64.2773924391 -2.84978730231 -8.66066248495 1
63.8995252663 -2.85051785277 -8.66996548582 1
63.8995252663 -2.85051785277 -8.66996548582 1
63.8995252663 -2.85051785277 -8.66996548582 1
63.4021739575 -1.73543088732 -7.70793230511 1
64.9141357008 -1.73437017946 -7.67395731963 1
64.5368059548 -1.73465165539 -7.68236802422 1
64.5368059548 -1.73465165539 -7.68236802422 1
65.8807464008 -2.71231878372 -6.22303183747 1
65.8807464008 -2.71231878372 -6.22303183747 1
65.8807464008 -2.71231878372 -6.22303183747 1
65.8807464008 -2.71231878372 -6.22303183747 1
67.3814037838 -2.70553098787 -6.1968554269 1
67.755519425 -2.70383897667 -6.19041223419 1
67.755519425 -2.70383897667 -6.19041223419 1
67.755519425 -2.70383897667 -6.19041223419 1
68.3788979568 -1.48148114779 -6.34458910855 1
68.0053862415 -1.48204885476 -6.3512919437 1
68.0053862415 -1.48204885476 -6.3512919437 1
68.0053862415 -1.48204885476 -6.3512919437 1
68.0053862415 -1.48204885476 -6.3512919437 1
68.0053862415 -1.48204885476 -6.3512919437 1
68.0053862415 -1.48204885476 -6.3512919437 1
68.0053862415 -1.48204885476 -6.3512919437 1
68.0053862415 -1.48204885476 -6.3512919437 1
68.0053862415 -1.48204885476 -6.3512919437 1
68.0053862415 -1.48204885476 -6.3512919437 1
68.7378751415 0.288931594276 -6.88831041435 1
68.7519991189 -1.48091005903 -6.33792807899 1
68.5025115849 -2.70046154109 -6.17764380337 1
68.1292211218 -2.7021491315 -6.18400850549 1
68.0053862415 -1.48204885476 -6.3512919437 1
68.0053862415 -1.48204885476 -6.3512919437 1
68.0053862415 -1.48204885476 -6.3512919437 1
66.5071791588 -1.48428315141 -6.378531093 1
66.5071791588 -1.48428315141 -6.378531093 1
65.8807464008 -2.71231878372 -6.22303183747 1
65.8807464008 -2.71231878372 -6.22303183747 1
65.8807464008 -2.71231878372 -6.22303183747 1
63.9952715805 -2.72083993497 -6.25669584581 1
64.3732402963 -2.71913309463 -6.24987657277 1
64.3732402963 -2.71913309463 -6.24987657277 1
64.3732402963 -2.71913309463 -6.24987657277 1
64.3732402963 -2.71913309463 -6.24987657277 1
64.3732402963 -2.71913309463 -6.24987657277 1
64.3732402963 -2.71913309463 -6.24987657277 1
64.3732402963 -2.71913309463 -6.24987657277 1
64.3732402963 -2.71913309463 -6.24987657277 1
64.3732402963 -2.71913309463 -6.24987657277 1
64.3732402963 -2.71913309463 -6.24987657277 1
64.3732402963 -2.71913309463 -6.24987657277 1
64.3732402963 -2.71913309463 -6.24987657277 1
66.2565455908 -2.71061907315 -6.2164262705 1
66.2565455908 -2.71061907315 -6.2164262705 1
66.2565455908 -2.71061907315 -6.2164262705 1
66.2565455908 -2.71061907315 -6.2164262705 1
66.2565455908 -2.71061907315 -6.2164262705 1
66.2565455908 -2.71061907315 -6.2164262705 1
66.2565455908 -2.71061907315 -6.2164262705 1
66.2565455908 -2.71061907315 -6.2164262705 1
66.2565455908 -2.71061907315 -6.2164262705 1
66.2565455908 -2.71061907315 -6.2164262705 1
66.2565455908 -2.71061907315 -6.2164262705 1
66.2565455908 -2.71061907315 -6.2164262705 1
66.2565455908 -2.71061907315 -6.2164262705 1
66.2565455908 -2.71061907315 -6.2164262705 1
66.2565455908 -2.71061907315 -6.2164262705 1
68.7378751415 0.288931594276 -6.88831041435 1
69.6798147063 -2.64202336854 -4.39637847887 1
68.3646912452 0.290123042378 -6.8956966354 1
67.6170860922 0.292547238678 -6.9106117807 1
67.6170860922 0.292547238678 -6.9106117807 1
67.6170860922 0.292547238678 -6.9106117807 1
67.6314612633 -1.48261304734 -6.35803706598 1
66.5071791588 -1.48428315141 -6.378531093 1
65.5045192102 -2.71402015718 -6.22967916488 1
65.5045192102 -2.71402015718 -6.22967916488 1
65.1278611034 -2.7157230799 -6.23636873501 1
64.3732402963 -2.71913309463 -6.24987657277 1
63.9952715805 -2.72083993497 -6.25669584581 1
63.9952715805 -2.72083993497 -6.25669584581 1
63.9952715805 -2.72083993497 -6.25669584581 1
63.9952715805 -2.72083993497 -6.25669584581 1
63.9952715805 -2.72083993497 -6.25669584581 1
63.9952715805 -2.72083993497 -6.25669584581 1
63.9952715805 -2.72083993497 -6.25669584581 1
63.9952715805 -2.72083993497 -6.25669584581 1
63.9952715805 -2.72083993497 -6.25669584581 1
63.9952715805 -2.72083993497 -6.25669584581 1
63.9952715805 -2.72083993497 -6.25669584581 1
63.9952715805 -2.72083993497 -6.25669584581 1
63.9952715805 -2.72083993497 -6.25669584581 1
63.9952715805 -2.72083993497 -6.25669584581 1
63.9952715805 -2.72083993497 -6.25669584581 1
67.0068714545 -2.70722507263 -6.20333852813 1
66.8823605148 -1.48373033865 -6.37165613858 1
67.2571202797 -1.48317358891 -6.36482496499 1
67.2426593479 0.293780471677 -6.91814183198 1
68.7519991189 -1.48091005903 -6.33792807899 1
68.0053862415 -1.48204885476 -6.3512919437 1
69.1246924053 -1.4803357171 -6.33130838136 1
68.3788979568 -1.48148114779 -6.34458910855 1
68.7519991189 -1.48091005903 -6.33792807899 1
69.1246924053 -1.4803357171 -6.33130838136 1
69.1246924053 -1.4803357171 -6.33130838136 1
67.9760919814 -1.6908322581 -5.83938163612 1
67.6021213588 -1.69173634692 -5.84558109418 1
67.6021213588 -1.69173634692 -5.84558109418 1
67.6021213588 -1.69173634692 -5.84558109418 1
66.4776999267 -1.6944443529 -5.86441709713 1
66.1020468741 -1.69534527435 -5.87077652482 1
66.6319196604 -2.70892113455 -6.20986198962 1
66.2565455908 -2.71061907315 -6.2164262705 1
66.2565455908 -2.71061907315 -6.2164262705 1
65.1278611034 -2.7157230799 -6.23636873501 1
65.1278611034 -2.7157230799 -6.23636873501 1
64.3732402963 -2.71913309463 -6.24987657277 1
63.6168599163 -2.72254782079 -6.26355937274 1
62.4789359954 -2.72767633013 -6.28442076428 1
62.3214964539 -1.70427767323 -5.93671905063 1
62.3214964539 -1.70427767323 -5.93671905063 1
61.2087134226 -1.49151617483 -6.47968267281 1
61.5901126127 -1.49103653601 -6.47213643959 1
62.0987210982 -2.72938694733 -6.29146663976 1
62.4789359954 -2.72767633013 -6.28442076428 1
61.3369113776 -2.73280888104 -6.30569986187 1
63.2380021998 -2.72425661288 -6.27046767781 1
62.0987210982 -2.72938694733 -6.29146663976 1
62.0987210982 -2.72938694733 -6.29146663976 1
62.0987210982 -2.72938694733 -6.29146663976 1
62.0987210982 -2.72938694733 -6.29146663976 1
62.0987210982 -2.72938694733 -6.29146663976 1
62.0987210982 -2.72938694733 -6.29146663976 1
65.1278611034 -2.7157230799 -6.23636873501 1
63.9952715805 -2.72083993497 -6.25669584581 1
64.6248477175 -1.48698275787 -6.41358090955 1
65.0021804064 -1.48645196956 -6.40647914924 1
65.5045192102 -2.71402015718 -6.22967916488 1
65.5045192102 -2.71402015718 -6.22967916488 1
65.7555402611 -1.48537636283 -6.39241441256 1
65.3790769247 -1.48591644817 -6.39942383399 1
65.7555402611 -1.48537636283 -6.39241441256 1
65.7555402611 -1.48537636283 -6.39241441256 1
66.2565455908 -2.71061907315 -6.2164262705 1
65.8807464008 -2.71231878372 -6.22303183747 1
65.8807464008 -2.71231878372 -6.22303183747 1
65.8807464008 -2.71231878372 -6.22303183747 1
65.8807464008 -2.71231878372 -6.22303183747 1
65.8807464008 -2.71231878372 -6.22303183747 1
65.8807464008 -2.71231878372 -6.22303183747 1
65.8807464008 -2.71231878372 -6.22303183747 1
65.8807464008 -2.71231878372 -6.22303183747 1
65.8807464008 -2.71231878372 -6.22303183747 1
64.3732402963 -2.71913309463 -6.24987657277 1
64.3732402963 -2.71913309463 -6.24987657277 1
63.6168599163 -2.72254782079 -6.26355937274 1
63.2380021998 -2.72425661288 -6.27046767781 1
63.2380021998 -2.72425661288 -6.27046767781 1
63.2380021998 -2.72425661288 -6.27046767781 1
63.2380021998 -2.72425661288 -6.27046767781 1
63.2380021998 -2.72425661288 -6.27046767781 1
57.7239402952 -1.7146687674 -6.02204966022 1
58.2707732473 -2.74647854677 -6.36460619942 1
58.7705907074 -0.147528120614 -7.86868611661 1
59.4771921729 -0.586354706154 -6.80099714852 1
60.9553098907 -2.73451985019 -6.31288836065 1
60.5732394703 -2.73623057742 -6.32012556959 1
62.4122158808 -1.05832110584 -7.49680647124 1
61.1785317956 -1.70691831661 -5.95738299128 1
63.2380021998 -2.72425661288 -6.27046767781 1
63.9952715805 -2.72083993497 -6.25669584581 1
63.2253331615 -2.62699546803 -7.42363776666 1
63.9952715805 -2.72083993497 -6.25669584581 1
63.2380021998 -2.72425661288 -6.27046767781 1
63.2380021998 -2.72425661288 -6.27046767781 1
63.6168599163 -2.72254782079 -6.26355937274 1
63.6168599163 -2.72254782079 -6.26355937274 1
63.9655466887 -2.93531737998 -5.73879379206 1
63.460332714 -1.70161606911 -5.91647342624 1
64.3732402963 -2.71913309463 -6.24987657277 1
63.8390425716 -1.7007248937 -5.9098151944 1
63.8390425716 -1.7007248937 -5.9098151944 1
64.7507691284 -2.71742743348 -6.24310103813 1
64.5951279148 -1.69893739408 -5.89663092233 1
65.4914831717 -2.62006430861 -7.37553287966 1
65.0982821904 -2.92905730789 -5.72019886387 1
65.8079716062 -3.04927730229 -6.33890320588 1
65.8079716062 -3.04927730229 -6.33890320588 1
65.8079716062 -3.04927730229 -6.33890320588 1
65.0982821904 -2.92905730789 -5.72019886387 1
65.0550026299 -3.05318238219 -6.35238270221 1
64.677868824 -3.05513808793 -6.35918637455 1
64.300298172 -3.05709573117 -6.3660333178 1
63.081173877 -1.70250535094 -5.9231764428 1
63.0972909907 -1.78067890328 -4.76356019305 1
61.9569663074 -1.78465295773 -4.7800314896 1
62.3375328604 -1.78332477039 -4.77450346762 1
61.9409713573 -1.70516042077 -5.94355977719 1
61.1944415472 -1.78731964024 -4.79120268809 1
61.1944415472 -1.78731964024 -4.79120268809 1
60.9553098907 -2.73451985019 -6.31288836065 1
60.0471238873 -1.79134475544 -4.80825479461 1
60.0471238873 -1.79134475544 -4.80825479461 1
58.2408470477 -2.39768591445 -9.86553183976 1
58.4128250387 -3.38633350478 -10.1944059001 1
60.3293283042 -3.38645912215 -10.1374064341 1
59.0283024374 -2.63901986574 -7.51690649133 1
57.0169609099 -4.60234621071 -10.0368133359 1
60.5732394703 -2.73623057742 -6.32012556959 1
60.9430449048 -2.63368304873 -7.47365778192 1
48.4693462218 -3.8940489764 -12.5672992706 1
60.5610457617 -2.63476925475 -7.48219043863 1
60.5610457617 -2.63476925475 -7.48219043863 1
61.2419419455 -2.85520149987 -8.73678214243 1
62.2341473022 -3.38577039128 -10.0822176073 1
62.7632673451 -2.85262119004 -8.69823223006 1
61.7056432551 -2.63148495551 -7.45676315181 1
62.8257177462 -2.4026926346 -9.73242396641 1
62.8257177462 -2.4026926346 -9.73242396641 1
59.180855491 -3.38648901721 -10.1713821136 1
59.9469758227 -3.38650286043 -10.1486581414 1
59.9469758227 -3.38650286043 -10.1486581414 1
63.5212174022 -2.85123399228 -8.67932765407 1
60.7112135004 -3.38638286627 -10.126227126 1
62.846090895 -2.62812870216 -7.43183776949 1
63.7498631355 -3.38470546929 -10.0393028695 1
64.4922733493 -3.84266262266 -7.2189146783 1
63.1649347237 -3.06297888944 -6.38683882765 1
64.1146507508 -3.84489941313 -7.22651433932 1
63.7365890976 -3.8471348621 -7.23416120853 1
64.4922733493 -3.84266262266 -7.2189146783 1
63.7365890976 -3.8471348621 -7.23416120853 1
63.7365890976 -3.8471348621 -7.23416120853 1
63.9824763126 -2.62470907316 -7.40739664151 1
61.3369113776 -2.73280888104 -6.30569986187 1
61.6229594609 -2.85458196951 -8.72705025701 1
61.6229594609 -2.85458196951 -8.72705025701 1
57.6428562773 -3.3860279898 -10.2177365823 1
56.0969872985 -3.38493088168 -10.2653481373 1
60.0471238873 -1.79134475544 -4.80825479461 1
58.6557312214 -2.74477358683 -6.35706370874 1
40.9830784574 -5.01395689983 -12.6355736385 1
42.7896113966 -3.89147317721 -14.1069132169 1
42.5489071666 -5.34843922835 -12.6709436962 1
44.0038755759 -3.91697946227 -14.0505702151 1
42.9448331637 -5.59687083705 -11.454913885 1
42.9448331637 -5.59687083705 -11.454913885 1
44.4073623889 -3.9249912358 -14.0320572941 1
44.2314893831 -5.06153563439 -12.5033733587 1
43.5829462803 -4.37834351816 -11.672448924 1
43.5829462803 -4.37834351816 -11.672448924 1
45.4391264053 -5.07589663138 -12.4556484777 1
45.6140940944 -3.9476576751 -13.9773027657 1
43.8276945524 -5.05635897789 -12.5195008469 1
46.4155265759 -3.9616949807 -13.9414392556 1
43.9876980998 -4.38214171292 -11.6567102358 1
46.4155265759 -3.9616949807 -13.9414392556 1
46.4155265759 -3.9616949807 -13.9414392556 1
48.8055975176 -3.99918349966 -13.8367984247 1
46.2411473829 -5.08455741971 -12.4243691257 1
43.1053321937 -4.91249590185 -10.5891650154 1
45.6724434284 -3.86307472286 -12.6815226095 1
49.4318759791 -4.89517865255 -13.4777678574 1
47.2145619913 -3.97493157463 -13.9060745055 1
47.288493761 -3.43216192506 -14.9805516308 1
48.8055975176 -3.99918349966 -13.8367984247 1
46.6308724755 -2.55872665982 -15.9874620011 1
46.7404004775 -2.27720403078 -0.78683510655 1
50.2159002347 -5.11848244992 -12.2741044036 1
45.6003359025 -4.39579886806 -11.5949052675 1
46.6412521423 -5.08863095946 -12.4088874245 1
42.4206840365 -2.80902619364 -6.71871048301 1
44.278105384 -6.61352423152 -14.2686727972 1
43.9876980998 -4.38214171292 -11.6567102358 1
45.1944894742 -4.59681172419 -10.4107518522 1
46.4155265759 -3.9616949807 -13.9414392556 1
46.6705814573 -8.26158757803 -4.00106409258 1
41.3392198502 -3.78223509858 -8.99928907193 1
40.5195483209 -3.95870305537 -7.79356767232 1
45.2704591702 -3.85802579518 -12.6983200648 1
38.59855856 -4.87984020412 -10.7530395704 1
36.9257747994 -5.87070073677 -4.58488033064 1
37.5952931491 -4.54297914444 -4.80141920438 1
41.3196463756 -4.49983863522 -4.73643919058 1
36.0171268605 -6.23612361903 -4.71081277993 1
34.0122491431 -3.85736439192 -2.63861434716 1
33.8140363373 -4.73080301123 -3.58919285398 1
40.4171394413 -4.72087474251 -6.11015543092 1
39.1785703311 -4.73158554268 -6.1375170186 1
46.3478511986 -5.7287296091 -4.44774046162 1
37.3744281551 -5.25412132161 -7.65048537353 1
40.6575123801 -5.81422271666 -4.52859844279 1
39.5921670143 -4.72803954107 -6.12832022062 1
38.5919092911 -5.84551344461 -4.5594268551 1
41.239201029 -4.71362502013 -6.09228885961 1
41.3196463756 -4.49983863522 -4.73643919058 1
43.5455572841 -5.3833128302 -6.26852942413 1
55.3742567254 -6.04313048764 -3.2627764561 1
46.6780431326 -6.07095654349 -4.55577027144 1
54.5956359266 -6.05593929823 -3.26950773541 1
54.5956359266 -6.05593929823 -3.26950773541 1
49.5369853979 -6.11016355183 -1.44630400187 1
49.9338990534 -6.10233660492 -1.44515227725 1
39.1785703311 -4.73158554268 -6.1375170186 1
42.0584103943 -4.70630366078 -6.07471250006 1
41.1578221293 -3.05865477975 -6.18998414323 1
43.1379458411 -3.52814636026 -5.02846674019 1
20.2692011667 -0.666042024657 3.35221988256 1
39.8338930047 -6.4116439997 -0.217171091784 1
44.5548274823 -5.46169584926 1.93483197848 1
59.5615466235 -4.72753553307 -0.42242571773 1
56.9260441894 -6.39423318477 -0.358519469622 1
88.930466452 0.45305187819 14.9798213084 1
86.1335432339 4.26717875152 28.4201032197 1
87.8496074467 4.06821349252 27.1711235928 1
30.3688548939 -2.85787856172 18.1528820822 1
31.2162769855 0.0585613281039 -8.76148943703 1
44.4721437272 -10.0935523815 22.5957956187 1
38.0715024955 -10.7576810243 13.1748361907 1
55.3899928828 -9.47426851345 30.9588263648 1
52.9119816791 -9.91235703244 27.1173020251 1
26.9954056659 -7.26697896801 1.04667040368 1
46.2547525476 -9.73029379644 6.76993696918 1
46.0100238539 -8.50914344141 3.43077736562 1
30.1976578919 -4.42431895765 3.2223275251 1
25.4797972273 -8.05182774471 -1.22751584289 1
36.9431108746 -3.5797495596 -5.14953306622 1
41.1170332593 -3.75959632258 -2.56796292961 1
29.2357825186 -6.57676088425 -1.49790429389 1
32.2062720839 -6.29313897978 -4.77085001741 1
31.9371373898 -8.22010110102 -1.35513090961 1
29.3077864589 -5.25890178013 -7.88500257306 1
28.5870949842 -7.3169877321 -4.44757780682 1
33.7304500199 -4.77433894795 -6.26454970325 1
30.0589172348 -6.50802068542 -3.50943653369 1
28.5652145996 -7.13294565645 -6.43951268119 1
33.7304500199 -4.77433894795 -6.26454970325 1
37.0903869506 -5.4043892224 -1.82046429319 1
55.4823116909 -0.393689464881 1.07825543619 1
37.9030851776 -1.29979303576 -2.40552161171 1
50.2353180018 -0.958812864083 0.285770742269 1
58.1856557809 -3.43007928521 11.3617270072 1
51.5588190457 -3.47078478049 11.6332364334 1
50.5032680965 -3.20946444575 15.3979338885 1
46.2365514459 -0.973679390886 0.290223071952 1
58.3131187766 -10.4901091336 33.1349291185 1
51.6875501436 -3.21088783327 15.3299120314 1
21.5548897785 1.12198045306 2.53845287786 1
57.670933531 -4.82020291391 19.1555644185 1
63.5921691952 -8.36368439144 27.2715408163 1
84.8396194451 -1.91303901354 13.7400331919 1
56.505613802 -5.55760682637 27.6277091946 1
59.1510703411 -10.8457378075 44.3192947815 1
63.8801456611 2.12278415185 26.3145005625 1
69.6621191325 4.06447176466 29.9655406255 1
65.4720560781 1.4631610248 17.9946010021 1
67.5949110887 -1.86242059585 29.121549969 1
54.6697216445 -9.74253868332 39.4567153467 1
54.4045529937 -9.02214867295 38.1501232817 1
55.9481636884 -9.07989630755 38.0199261597 1
52.8532300583 -8.9589057363 38.2757589937 1
46.8605411837 -11.6842733282 15.330135896 1
40.9940719178 -7.5859779787 6.40438973594 1
84.2785726337 -1.85295129025 20.3681107932 1
88.2287876173 -0.774092290358 11.2883983241 1
62.7885030506 -0.384722657959 1.05263612222 1
50.2015328944 -8.50964824461 13.6757574004 1
52.7959214616 -5.05520384312 11.0454452379 1
52.3666440609 -8.55625406314 5.07919527637 1
53.896175098 -4.95649806682 6.81137503188 1
50.1724314446 -6.14527731544 8.98031445937 1
52.6614018099 -8.37691668256 17.7414036244 1
58.2168211877 -6.9458149601 31.5078559033 1
52.6992389526 -7.13921892323 29.1307469276 1
56.4043124734 -8.31112783182 31.7831459186 1
58.2304582719 -7.31150006868 37.8596501308 1
57.1097946011 -6.58418737997 30.0532900772 1
59.4034209565 -7.37639689789 40.3439489526 1
58.2745873345 -8.96466515604 36.8227740771 1
58.5090502402 -9.88338326251 39.1409099046 1
59.4976573067 -10.8903161648 41.8261019153 1
55.62767917 -8.80360972728 39.1575177508 1
56.7809338712 -8.85077273845 39.0615246931 1
56.9022946186 -8.3940351463 41.7209803767 1
58.3005580682 -9.23436467868 43.3686641712 1
58.7199919194 -10.7612697709 38.8644958842 1
86.1621314457 1.31352576898 26.8121477497 1
73.3291933581 4.28708653255 24.2554526078 1
55.381923562 3.24538045071 -3.09045896107 1
80.5353714321 0.247257089819 9.63299289678 1
62.3128447739 -1.48015119749 6.58307409301 1
59.6382067083 -4.70309635762 20.2284712633 1
56.7171414341 -9.10686322642 37.9535305417 1
56.3969790662 -8.83538637059 39.0937873451 1
55.2423279331 -8.78720420409 39.1889430243 1
56.8814188435 -12.4685747715 41.0489183927 1
56.8313322693 -12.6391537295 39.4904439286 1
52.6050795092 -12.3457452715 38.8496872833 1
55.1094886646 -11.4429114841 38.4231758267 1
57.799407866 -11.5117275703 38.1976911558 1
52.3962842658 -11.3591848766 38.6342443501 1
48.0761492474 -4.23315513391 25.3115511716 1
53.9828401343 -3.15916701639 34.7146521477 1
0.969242207585 3.06687656436 1.5080593898 1
60.2192928357 -6.06516334743 25.4663804733 1
55.9722755181 -8.89390335262 37.0283643295 1
56.5951435127 -9.81696769708 39.3022435261 1
56.850442914 -6.33949838859 35.6221563671 1
56.8768532638 -6.14164692958 34.6069556126 1
60.366470072 -8.05991585185 36.3980287772 1
55.3895724714 -7.89580762457 36.8497592325 1
58.0790143033 -7.98984706907 36.6076829173 1
55.0034856418 -7.88117460174 36.8838947723 1
62.1349553817 -8.83936626256 37.5995904087 1
58.3363687006 -8.72349259547 37.9432958477 1
57.867143498 -9.14508845483 37.8527053989 1
54.7911705149 -9.03708088156 38.1179464263 1
59.6520206422 -9.91974540912 39.041784889 1
57.362067002 -9.84444526782 39.2383928939 1
58.1271721875 -9.87069869503 39.1736080911 1
60.4118091764 -9.9426381577 38.9749876315 1
60.8926314449 -11.4391496138 39.5267432186 1
57.8482488606 -11.3565189155 39.7844896678 1
58.8904824427 -9.89578173531 39.1080298187 1
60.7910541869 -9.95369740408 38.9414145061 1
60.7910541869 -9.95369740408 38.9414145061 1
60.7910541869 -9.95369740408 38.9414145061 1
66.9709312859 5.35698790661 31.1862433364 1
11.9115033747 -0.663508182225 13.9765915341 1
44.8556123234 -3.09236642727 12.0844651346 1
41.7324996105 -2.34479580424 11.2497495648 1
52.3136954862 -8.93544096556 26.9029376963 1
54.7624600788 -13.5289323516 42.3494215408 1
57.7756791351 -11.6992338936 39.178351681 1
57.0097564417 -11.6786704688 39.2417230774 1
55.8574358837 -11.6456474145 39.3347591907 1
55.472400536 -11.6340307745 39.3651478384 1
54.7009185593 -11.609839427 39.4248494572 1
51.9855767417 -11.5142549961 39.6195828387 1
56.2650990281 -11.4740846848 38.3278796139 1
50.4433962115 -11.2887155773 38.7712052853 1
55.8497969532 -9.3724395577 34.7678571421 1
54.5575928986 -12.0598900398 34.6126762645 1
53.2299793315 -6.79473642049 34.1590166198 1
56.2905530262 -7.40944016493 39.0149582465 1
51.8677392438 -7.73685081608 34.5161925556 1
54.2304783831 -7.60861993448 33.2817782783 1
53.2647356842 -8.79785126893 37.2615777813 1
59.77477418 -9.20329124363 37.68233586 1
60.672573893 -10.4151285914 36.7123983987 1
55.3151116715 -10.2889990355 37.1879985637 1
60.672573893 -10.4151285914 36.7123983987 1
58.7693927917 -10.3754903075 36.8839783138 1
57.5974653339 -10.5415396097 37.9788468201 1
60.2671743051 -10.6073538991 37.7431406763 1
56.7171414341 -9.10686322642 37.9535305417 1
57.4842673638 -9.13263450197 37.8864573243 1
57.362067002 -9.84444526782 39.2383928939 1
59.2714716388 -9.90790040677 39.0749832633 1
51.17369124 -9.58517614109 39.7074775676 1
56.5951435127 -9.81696769708 39.3022435261 1
58.611983977 -11.3787940724 39.7212722498 1
59.7542665019 -11.4101394921 39.6248021724 1
56.9788340261 -9.83086297156 39.2704443595 1
56.5951435127 -9.81696769708 39.3022435261 1
53.8962424667 -9.71030972519 39.5159484578 1
78.6205937769 -0.51524591623 30.4354506075 1
79.9324955605 7.32569678615 26.1147506384 1
67.2712772151 3.75692730402 26.1155106432 1
27.8005463974 -1.98930995359 10.8376960413 1
23.8352599818 -4.55205664887 17.5206687585 1
18.3251020241 -1.5678756947 8.11106184312 1
56.0633050905 -12.6196660992 39.5513273728 1
53.1522205252 -11.5574012937 39.5392013563 1
53.1522205252 -11.5574012937 39.5392013563 1
51.9855767417 -11.5142549961 39.6195828387 1
53.9275338136 -11.5843182644 39.4829434023 1
51.9855767417 -11.5142549961 39.6195828387 1
50.0311454472 -11.4343183261 39.7403478379 1
54.3367116704 -11.4206238252 38.4852929229 1
55.1094886646 -11.4429114841 38.4231758267 1
49.8947675321 -7.75812520619 35.1931278449 1
50.9474517313 -8.52634823854 36.4652616461 1
50.9247329925 -8.70209273047 37.4511727667 1
51.316002546 -8.71899841983 37.420471974 1
55.7007862247 -10.2996728603 37.1547421082 1
54.9289602037 -10.278037518 37.2210730926 1
52.968247213 -10.3968875454 38.3621810496 1
54.1320014781 -10.4373153622 38.2701077363 1
51.039614613 -12.1084339942 35.4183447495 1
47.7716690345 -12.7557138566 37.0131507489 1
55.1738733498 -13.1020329844 37.4263568137 1
54.7876844411 -13.0954655381 37.4584274878 1
50.9536436882 -10.5983601712 37.415039096 1
55.615517224 -10.7358887818 37.0327942555 1
54.690562993 -9.34528997763 34.8725021368 1
52.5793451157 -10.382711451 38.392111277 1
54.2628800637 -13.9807107377 39.7987037246 1
54.649210506 -13.9898695416 39.7708487286 1
53.3499706229 -12.6259292371 40.2272543878 1
58.7317828495 -12.7760648402 39.8197735997 1
57.6469107609 -12.4922488316 40.9913478188 1
57.0878050959 -13.438199104 41.2625019186 1
60.3121841674 -12.5658156383 40.7792112542 1
60.3121841674 -12.5658156383 40.7792112542 1
57.2146580927 -12.6484674455 39.4595470352 1
53.4543071656 -7.81936008494 37.0187018502 1
75.9282165613 2.21156627317 30.5021965422 1
20.3209209843 -1.37527695708 13.5850428187 1
11.8436238664 -3.26378107412 12.5400502921 1
53.4071538993 -14.4007087354 39.7385326552 1
6.43396785688 -4.97770320882 9.54511231343 1
43.4238228848 -14.6868279311 38.1409255024 1
50.6337808858 -12.4462162752 39.9265098628 1
52.4603712135 -13.050255829 37.6450083247 1
55.921112101 -13.3055050131 38.3448884889 1
50.0940759421 -13.1648913649 38.7744288358 1
46.8196371334 -13.8064517458 40.6313115475 1
48.7935202536 -13.8905990401 40.5745639525 1
44.0348013152 -11.3101025286 38.0436626196 1
55.3158859655 -12.4190726553 38.6419547722 1
51.6166486985 -11.3321448806 38.6906988535 1
51.8261567887 -12.3217833685 38.9050371341 1
51.7356167174 -10.6245677798 37.3544814614 1
51.7356167174 -10.6245677798 37.3544814614 1
56.4475489328 -12.6295556021 39.5210446299 1
51.8053396154 -12.4894518314 39.855929153 1
56.0861038126 -12.4372772096 38.5794959064 1
47.7312950373 -13.0857094566 38.9075982839 1
57.0735542724 -13.3256639727 38.249341906 1
53.6035265516 -13.2578474029 38.5284309223 1
59.3661487253 -13.359516117 38.053213057 1
62.280376227 -14.1167326531 39.1481420655 1
51.2053254249 -11.4835344397 39.6700769754 1
53.9275338136 -11.5843182644 39.4829434023 1
56.2051153665 -11.7190702915 37.2215239895 1
52.1846690972 -12.5851801779 40.3021618775 1
51.5450448744 -13.9071527187 39.9780970556 1
57.3404429692 -14.0456655928 39.5645229769 1
57.3404429692 -14.0456655928 39.5645229769 1
50.9715091294 -14.9459876773 40.7013536269 1
51.0726183082 -14.3398802094 39.886932815 1
56.108830652 -14.4567338123 39.5405585528 1
55.472400536 -11.6340307745 39.3651478384 1
51.3617208523 -14.9576883834 40.6814676599 1
57.8133283009 -17.8535644717 40.5064226609 1
57.5861016891 -12.7488422494 39.912982435 1
6.00636709921 -4.68508803449 8.91004321059 1
8.87305890783 4.74118621494 1.02906686012 1
8.87305890783 4.74118621494 1.02906686012 1
40.1286002996 -9.75087538644 27.7238008598 1
17.6503631995 -2.54862874631 7.82170846717 1
47.8484083822 -14.4646921797 36.0384221607 1
48.3260279362 -14.251106768 40.0228593302 1
46.6177435636 -14.786522052 38.024171946 1
47.8268549238 -14.64420661 37.0077943083 1
53.7013364984 -14.722658971 36.5668576178 1
40.3447048816 -13.4999495736 34.6744562993 1
47.2124434366 -15.789164639 35.7292456919 1
40.6401708204 -13.9814539074 31.9780574778 1
40.0032854075 -15.238439634 31.1646546467 1
48.9354423509 -12.9608859372 37.8965347382 1
48.5411717307 -12.9491154524 37.9214860119 1
48.5411717307 -12.9491154524 37.9214860119 1
50.1150750744 -12.9938689619 37.8176129758 1
54.4010162861 -13.088633709 37.4902560826 1
48.014538197 -13.7843650029 40.1515687917 1
48.1264209356 -13.0999868083 38.8876606579 1
47.7312950373 -13.0857094566 38.9075982839 1
53.4783502618 -14.0466537717 40.3264198104 1
48.9354423509 -12.9608859372 37.8965347382 1
50.0940759421 -13.1648913649 38.7744288358 1
50.7543303108 -13.96282323 40.4868805555 1
50.7543303108 -13.96282323 40.4868805555 1
48.7591056969 -13.9414620754 38.1417620818 1
46.4282602729 -15.9244647157 39.1820890236 1
43.1554416474 -14.0217449014 40.0965166503 1
55.3392764266 -14.4422170302 39.5992677966 1
52.2421056937 -14.371903563 39.8157203008 1
51.0930094642 -14.1719897621 38.9437897397 1
51.8261567887 -12.3217833685 38.9050371341 1
51.4153237981 -12.475445422 39.8802051012 1
54.9077801045 -12.5881767464 39.6400324636 1
52.3138678347 -14.0130079233 40.3996841808 1
58.9432550904 -15.6813832958 38.4651466006 1
49.1327005509 -14.1187001184 39.0618740575 1
49.8700010386 -12.2552873484 39.03287791 1
53.7804967803 -11.8355515483 31.4906165697 1
25.7974883356 -6.0775489604 19.4038706856 1
23.2978541536 -2.10663075089 9.721136201 1
50.5309532745 -12.3536210724 29.9714466027 1
44.8926538422 -15.6302192769 40.6296324383 1
42.6662521412 -17.0242175109 44.2925561091 1
43.2985927958 -13.0672768088 37.1287604601 1
43.3793236018 -14.8296805212 36.1904577679 1
34.795857307 -11.6534798789 28.1717633771 1
39.7092175905 -14.4823397531 29.7720726049 1
25.0774550365 -12.9796701119 25.6782950795 1
26.6004974658 -14.5534772754 28.7658607783 1
41.095509176 -13.5809753424 29.9017587935 1
44.068249899 -12.6751831086 27.6625299272 1
44.9681197115 -12.8234629585 38.105462678 1
43.766930868 -12.772669729 38.145473872 1
46.9586866233 -12.8978565625 38.0132347433 1
42.5604589931 -12.7167541917 38.1711340908 1
50.5072389289 -13.0041217051 37.7900900743 1
51.9347787794 -13.9187355367 39.9543941505 1
50.8774869394 -13.1880370913 38.723768525 1
50.0940759421 -13.1648913649 38.7744288358 1
56.5738248104 -14.0311352437 39.6252430915 1
51.6806412516 -13.0327916655 37.7044016247 1
47.7716690345 -12.7557138566 37.0131507489 1
48.9567303889 -12.7874629335 36.9322316369 1
47.5550311319 -14.068698805 39.1406132759 1
46.1206410721 -12.9907202209 36.0331200326 1
44.9332868704 -12.8728457048 35.6252290373 1
48.8060252508 -11.5137555902 37.7978864728 1
49.506236877 -14.2917140975 39.9705251828 1
50.6817868792 -14.3284454133 39.9091446623 1
53.4287006997 -14.2241370176 38.7808361452 1
50.0573038116 -15.5670909769 39.1263373139 1
51.4323787393 -16.7320376258 40.2183063439 1
51.4323787393 -16.7320376258 40.2183063439 1
49.0839235868 -12.2258400785 39.0789243073 1
51.2298233679 -13.282278258 36.6389566549 1
52.754256075 -15.6795113373 36.8974608058 1
52.814544678 -13.1125497549 35.518051278 1
21.5495225613 -4.48726339259 15.1417696575 1
46.2049922732 -9.79099385719 27.178614 1
35.5016390554 -12.5185364094 30.0488227417 1
46.3000211189 -11.9982858855 35.7823486325 1
32.8065536493 -8.180900899 21.2222235739 1
39.5101803911 -13.6303310205 35.6316470038 1
43.6718817471 -15.5354582289 37.4559407197 1
38.4721038119 -14.762941946 33.9292110229 1
43.8857257811 -16.46560005 34.7477425301 1
51.7978772356 -19.1735009136 41.0271715854 1
44.3331820205 -16.5248856976 40.4109816143 1
48.8401576673 -15.6399464593 37.1866528508 1
48.8401576673 -15.6399464593 37.1866528508 1
45.9894171501 -16.0398042063 37.2425139478 1
48.105595075 -13.0364163397 35.8948258883 1
40.7653027963 -13.6367876739 38.3764689081 1
48.3647389397 -13.9308413567 38.1653236913 1
43.5565507749 -14.0429166624 40.1025129478 1
41.5596799901 -13.8079372584 39.2306954808 1
48.3449302282 -14.0945715814 39.1032460072 1
47.9502486927 -14.0818592839 39.1224606305 1
46.3847917815 -13.8714167937 38.269614879 1
56.6574297527 -13.3549243066 36.184386062 1
47.9825918099 -9.31588320364 33.8098268747 1
49.7440858849 -12.8067784354 36.8753801613 1
47.7716690345 -12.7557138566 37.0131507489 1
49.7440858849 -12.8067784354 36.8753801613 1
50.9211686647 -12.8331746563 36.7864867702 1
52.2158674611 -12.3339431065 38.8776258265 1
51.873562379 -14.1907135724 38.8916804659 1
51.5416678439 -16.0365294466 38.9183640123 1
44.0547099928 -15.7006621718 38.3500607592 1
47.843721744 -16.9367925465 39.3603972114 1
52.5423291851 -17.012741715 39.0966142594 1
53.0781929491 -18.4042626792 39.1971141853 1
52.1232430872 -14.8965521729 37.6717648748 1
43.4238228848 -14.6868279311 38.1409255024 1
49.4048138411 -14.6719346289 36.9005189038 1
50.9842135672 -16.9930952164 39.1972488869 1
55.6130972711 -17.2249799795 39.8315039724 1
43.1178150426 -11.2350984536 27.5969941814 1
45.7309964423 -12.6727578543 31.9481628531 1
51.2652867967 -12.9939891144 35.1490376152 1
51.2652867967 -12.9939891144 35.1490376152 1
35.7087885187 -14.068207157 36.3250401077 1
45.4637425615 -14.4218188118 36.1953089012 1
44.1824059957 -14.8477165393 36.1502786449 1
48.4458910903 -15.6342741943 37.21266218 1
46.4949238072 -17.6392910651 35.8077074002 1
50.0539964028 -13.2596986277 36.7291865269 1
44.4548201948 -15.7128368993 38.3397394816 1
46.1906707553 -14.7952150994 35.5471595683 1
35.6954918643 -14.1827380047 37.1035495901 1
48.8273983558 -11.3424547946 36.8304239367 1
45.721960839 -12.9804113083 36.058786068 1
47.1784091794 -13.8964990456 38.2308314652 1
42.7537507042 -13.9999061596 40.0880240152 1
45.9687221178 -14.0113173149 39.2012433975 1
38.8368700251 -12.8633886149 37.1839889129 1
47.2918518303 -13.1950243596 36.9220220871 1
43.3176836612 -12.9093325974 36.1943941451 1
52.0349114674 -13.1027013213 35.5837668957 1
47.2918518303 -13.1950243596 36.9220220871 1
52.0999751742 -10.6067197984 34.7088008492 1
41.3652519756 -12.5172665156 37.299244877 1
54.4249038048 -12.8960087091 36.5011564953 1
46.2401965519 -14.610529919 37.1036661234 1
49.6610095764 -13.251525637 36.7583936292 1
48.6169059782 -14.658770638 36.9553987535 1
46.5777375003 -14.8916394068 36.006844938 1
47.0085504316 -14.6166644515 34.5040986429 1
48.5009260131 -13.0444634761 35.865477845 1
38.9741142148 -11.965439087 34.6165062241 1
45.5667435694 -13.7951470749 35.340979802 1
42.9809794313 -12.5894518072 37.2589416026 1
48.5622509721 -12.7772604293 36.9598261145 1
42.7574407791 -13.7318317046 35.5091220734 1
49.4271863609 -14.4863068906 35.9218916095 1
46.675902649 -16.7501494728 38.493017385 1
51.9900047706 -15.777840975 39.9489468283 1
51.9900047706 -15.777840975 39.9489468283 1
51.9900047706 -15.777840975 39.9489468283 1
50.4119568078 -15.6593302127 37.076612442 1
48.6169059782 -14.658770638 36.9553987535 1
44.6643206442 -14.4043785412 36.2413293464 1
47.8484083822 -14.4646921797 36.0384221607 1
50.9294060999 -14.8404855699 35.1870782245 1
49.4998827213 -13.8858950191 32.910489276 1
46.4664661646 -15.6004262057 37.331474085 1
45.7655231629 -17.2858883595 36.4440494284 1
48.9529167501 -14.922351894 35.8382000589 1
44.2136261136 -14.5844871952 34.7038120817 1
45.1925476501 -16.0245484141 37.2819617046 1
48.4458910903 -15.6342741943 37.21266218 1
47.3755584609 -12.7443479615 37.0387929117 1
47.3755584609 -12.7443479615 37.0387929117 1
37.5322204517 -10.7180132905 33.5013952123 1
49.4459001796 -12.0263953398 32.9044964853 1
41.7028772984 -12.8521262127 36.2623480452 1
50.4813693194 -12.9832990824 35.2140818382 1
47.431015891 -14.636373026 37.0329509494 1
42.3739617315 -13.5516531389 34.5702371459 1
45.6517423979 -15.7463310456 38.2998614363 1
44.9727297141 -10.4902790871 35.7638148575 1
45.2545919395 -11.2116914811 37.0587168549 1
52.0103006966 -10.8521797007 31.389963634 1
41.8483640572 -11.8924335562 33.5040176928 1
47.8637691573 -12.0077680482 33.0405169045 1
49.2899608893 -13.0595480663 35.8053961771 1
49.2899608893 -13.0595480663 35.8053961771 1
54.3805291666 -13.0266950719 34.8812350893 1
39.2705136181 -12.6775498395 35.8686882275 1
48.4458910903 -15.6342741943 37.21266218 1
50.8036083344 -15.6633981114 37.0477919316 1
49.3506740581 -12.7972989061 36.9040702927 1
50.5827242147 -14.6892298275 36.8142254375 1
53.3132569536 -14.7193960863 36.5988379507 1
53.3132569536 -14.7193960863 36.5988379507 1
48.2013189454 -14.8253675638 37.9381195549 1
50.9520744502 -14.8786903545 37.7576810542 1
50.6056768264 -14.4993143567 35.8299360113 1
51.2298233679 -13.282278258 36.6389566549 1
45.0643199717 -14.4133099598 36.2187753824 1
43.9862116319 -13.5847533785 34.4690104969 1
45.382647852 -14.8714882516 36.082391773 1
44.5830663662 -14.8560642529 36.128599017 1
39.0609256542 -11.4945833512 34.7351344084 1
50.855511111 -17.4272323213 34.4895439133 1
42.5835148077 -14.7279061549 35.7567450962 1
38.2544725655 -13.5759658724 32.7380577101 1
53.7255890257 -12.2744838927 33.5463637052 1
44.8547587473 -10.9550272866 33.0373560956 1
38.2400971845 -11.4581000627 34.7597402181 1
45.4561846862 -16.5137278335 32.5347621207 1
42.2960765401 -16.2707360176 33.874160954 1
34.0711147028 -8.99318087545 33.4864526443 1
42.6366272323 -12.0900186322 34.4347575092 1
41.3456312736 -10.3297856701 35.9569343457 1
40.6287179649 -11.8585262407 33.5803751213 1
41.8483640572 -11.8924335562 33.5040176928 1
38.9852572272 -14.3623662405 37.2785500745 1
47.431015891 -14.636373026 37.0329509494 1
47.431015891 -14.636373026 37.0329509494 1
48.235473677 -12.2122742066 34.0211854238 1
45.4736369085 -11.971157516 33.2375213721 1
50.0955310943 -12.6925494774 31.5680795988 1
52.326343522 -13.4557634206 32.7857415786 1
49.3584434337 -14.830089153 35.3136621919 1
54.6925364982 -15.689299668 36.7391835661 1
49.7519741866 -14.8330878958 35.2824932556 1
57.041513345 -13.3583639246 36.1506904799 1
60.8845618126 -13.1651628038 34.8042884706 1
47.6557512388 -15.6218659055 37.262581398 1
44.0728246012 -15.546143228 37.441898553 1
56.7387397137 -12.9262973102 36.3014114611 1
49.7979737122 -14.6780169052 36.872247867 1
60.7833469129 -9.55729672899 32.6612800352 1
47.375490909 -10.4855216781 35.1009252962 1
39.4097467184 -14.243049354 36.4168249161 1
46.2608750093 -14.4376200594 36.145870926 1
36.8733350285 -14.5401977247 35.8530278064 1
56.0479209237 -12.2880605402 33.3382328193 1
50.2133716405 -14.4952655828 35.8609591848 1
48.6388756932 -14.4761408319 35.9811358394 1
49.7354969281 -10.6462352227 35.4103951707 1
60.5597279055 -10.841852607 34.455293573 1
53.993910099 -15.0633374998 33.7983463537 1
46.6050182239 -19.2772270937 34.8741462398 1
35.6479509655 -14.3523124034 34.9723546605 1
45.382647852 -14.8714882516 36.082391773 1
47.3536560283 -17.297202678 36.345752232 1
48.2436529754 -16.6737918068 35.4232433522 1
46.5777375003 -14.8916394068 36.006844938 1
49.7403176052 -14.9300547332 35.777983344 1
